6851
1587
5666
4189
8308
3876
1520
9150
5757
3033
3105
7631
3539
8736
8304
8591
8266
9885
2399
5155
4222
5979
4977
8349
4253
9641
3419
4157
4939
6319
3461
4296
4471
8340
3911
9543
4587
3549
7134
7566
1531
2777
3320
9450
4343
5311
2057
6865
8622
2117
3855
9315
5594
4428
2578
9039
4002
9849
4976
5726
7308
2581
9973
4784
9913
8259
8288
9637
5322
6545
5604
8225
3742
9370
1970
9889
4911
8449
1610
3157
1979
3865
4978
1607
2176
7184
8692
3058
2319
5844
2726
5401
6194
9718
4108
6149
1003
5742
7225
6377
4146
1076
3987
3053
8655
7698
2137
4875
2094
1733
3619
2741
2519
4519
3125
1001
9844
7959
7184
1066
1467
3813
2838
9967
7523
4437
5412
3583
3851
6302
4506
4307
2436
4124
5458
1334
6742
7469
2221
9119
6512
1542
7640
8896
5597
5094
7887
5467
8163
9534
6377
7916
8829
5062
6242
7480
8236
1035
7138
6623
6637
7037
6068
2492
7202
3285
3451
4224
5100
9252
4047
6480
1154
5773
7254
6879
6218
1220
3967
6329
2979
5955
8056
8318
9063
3485
8924
5637
5194
4087
6533
6325
9885
4039
5721
5303
6599
1074
5366
4923
4839
9883
8701
6573
3986
8569
6356
6043
6683
2146
4317
4325
9676
4631
2142
9459
1211
4807
8521
9230
7128
3629
8887
7540
6408
8323
6038
9967
6827
4167
4872
1098
4413
9148
8620
1958
6412
7585
9874
9553
6813
9517
7207
5775
1896
6197
1676
7527
9205
8922
8341
7627
2677
9764
8946
2948
7302
9366
9360
7258
7357
8263
6038
2159
9850
5988
9910
4281
8483
9088
9174
6151
4126
5490
3330
4936
6121
6982
2505
2289
5019
6142
2251
5823
2219
5768
5802
4931
7069
7131
7225
5016
1612
2310
4152
9595
7238
8571
8162
6168
1479
3353
9317
4984
6018
3577
4526
3163
4369
4318
2792
3224
8817
2846
3527
4574
5898
3892
8114
8493
9247
5531
7831
5265
4185
3349
5753
6791
9900
2746
8995
3192
7022
6522
8234
6897
8304
4131
2468
5176
8775
8833
5145
8424
1209
4298
2496
5736
1073
4835
3149
4898
3831
2480
2318
7855
5429
9953
3078
7154
3054
9604
2932
9491
6129
3373
7849
6480
4201
8397
7916
4521
7238
6628
7701
9820
4186
6993
4489
1534
1119
5989
4168
6367
2261
3578
4992
6356
8746
5233
1026
9392
7324
1513
9602
7647
2797
5274
9636
7666
4220
4836
5537
8898
8357
2061
7698
6734
7597
1760
4586
6749
2999
7007
9136
7271
5616
5493
9816
4920
7758
6558
1559
2229
6392
5934
6573
7781
4382
3543
3316
6844
1644
3129
3597
8842
1583
3406
7015
8951
4877
2323
1305
8810
3656
8075
5091
6257
6047
8736
9970
7371
2568
7363
7787
9564
3466
5315
6137
3002
7945
2349
3200
9268
2579
6507
2233
5876
6641
9373
6322
2650
4368
6717
7158
1696
4113
4101
1231
5109
1724
9949
6176
7727
6423
6898
2218
8445
6319
5382
2024
2103
3433
3234
7345
4045
6985
3547
7462
1038
7638
7802
7794
7960
3125
9969
9467
9825
7070
5970
7689
8684
1985
2437
1093
2218
4278
5658
2257
9000
6147
2538
1506
4799
7593
7051
9514
9450
9942
8233
7572
4545
6097
4713
3938
9249
7493
7647
1586
6488
1524
4950
2387
7469
3654
9266
1625
7364
4411
5159
3180
9126
2716
3150
5974
4550
8845
4224
5151
8662
6976
1949
8869
3173
7827
5845
2572
5813
6206
9898
6110
3884
6823
9273
2653
2429
2052
6346
4131
7754
2681
3010
9764
3554
3880
1169
8391
2533
3102
5650
7538
3479
1630
1157
2474
2329
9995
5524
6027
7526
3412
1284
5439
4691
3779
7555
1006
9806
2671
1667
2303
7654
2732
9654
1796
5228
6725
3272
7493
3434
2732
6378
6133
3197
1514
3350
8009
7584
1056
4952
3741
9545
6257
6533
5732
5255
3408
5224
8026
8632
8296
8537
6295
2344
6635
5955
1918
6348
7205
5504
9422
4994
2058
6986
3596
2860
9467
4195
6328
1251
7677
7197
2593
2118
1073
7708
8980
4796
3762
3833
1844
6002
1688
2023
5274
4492
2014
2417
9541
6689
8008
8841
4162
6094
2588
9573
8510
4960
1288
9192
5364
4665
6637
2931
9743
5228
2803
6699
5083
7987
6587
4661
9275
7821
3534
2462
6948
4196
6839
7900
2231
5352
5238
7938
4721
6382
8671
5119
2154
1430
7541
6786
7388
2382
3397
1601
9701
3940
7650
9527
1125
6669
9978
4411
8899
8503
5000
1008
7709
7765
7975
8937
1975
4216
9919
1079
2003
9035
3156
4441
6380
3571
9234
8338
8754
1427
1469
1290
6192
7084
8356
3779
5893
7611
2577
6342
7976
9879
1685
1752
4409
7412
3168
9953
7908
2181
8315
1569
9481
7278
3151
4111
1400
9297
6269
3348
5511
2442
6105
4460
1884
7001
3840
3839
3016
6574
1857
2931
6750
8726
4005
6453
2516
8871
5537
3231
5024
7173
4572
7920
2562
8028
1770
2808
7422
3090
4927
4095
3922
7513
6322
9384
6942
3649
2119
5459
4734
8752
1845
8080
4723
5841
2307
3790
7345
5521
9101
8504
6068
6590
8355
9413
8521
3502
9489
7100
5258
8534
7774
4272
6422
3063
5688
3215
5893
4877
5870
9774
4583
9997
1536
5480
1826
1931
7977
9805
1946
1885
5343
6527
1680
9455
4442
7074
1269
6042
8784
3375
2073
4325
6461
8342
5581
1198
3215
2525
7278
1894
9567
7661
9384
2395
8389
9006
9067
7154
5002
1430
7772
4999
8492
5222
6210
1120
6306
7796
1889
9879
8565
8864
1167
2176
6159
5803
6121
7915
9160
5579
5839
4037
4320
4323
4190
3868
7367
8469
5610
6755
4353
6754
5065
8774
9650
6147
3843
4936
5717
8091
9022
6485
8445
6780
9074
1544
5157
5252
9213
9426
1570
6584
2115
4670
4012
2689
2135
6473
4491
4181
2175
4102
8321
7811
2491
7113
9454
7311
9364
2892
1076
2448
9832
1775
6248
4756
7405
6372
9774
7791
4907
1093
4645
6466
4880
8626
1307
6665
1047
6075
2828
8435
2300
9350
5971
2849
3139
6196
2150
5061
2640
6959
6106
5989
8319
8047
1551
5255
3531
8741
6789
9081
3027
8757
6967
6323
4604
1467
6781
2504
4837
5825
7745
3593
6635
6265
3897
1843
9970
5767
5654
4527
2164
8658
9566
3585
7023
4662
8523
1610
1218
7941
5733
3851
9985
6767
7043
5564
1501
2151
6228
5720
2464
6660
7892
9425
4994
1010
8764
4133
6914
6775
9642
6319
9890
1738
4484
3705
8144
1816
4863
3660
7190
1723
2906
8863
9806
4008
7236
1200
9567
8942
3090
8210
6696
9116
7430
7742
7195
9943
5372
2144
3493
5053
4775
7206
2921
9936
2272
1487
7811
3908
3804
6551
6528
3604
7858
4887
1146
2096
9404
9824
6648
1867
8477
6188
5192
6321
1864
5114
4000
1017
9792
7093
7404
8119
2566
8526
2558
4574
9199
2949
6028
1372
6250
8207
9252
5733
1959
1140
5126
4825
2756
1946
1020
4844
4655
8265
1596
3041
9826
8012
9837
5769
6125
8707
4258
6377
4905
5359
2493
9104
2122
1272
1501
4383
4750
6496
2477
8014
1902
8412
3233
1167
3537
5652
1556
5105
5804
3013
8084
5847
8826
5174
7549
5241
1045
9092
5512
8339
2362
2566
9847
1375
2986
8374
8924
8958
1606
4372
9531
8061
2303
8525
4841
8807
9963
9994
2206
1065
3582
6683
2521
1875
7226
3724
8745
5819
4418
1319
8203
1413
3530
2103
6299
3853
6604
7069
3442
3438
6243
1848
1496
3105
7093
3421
9360
5989
8866
3806
1907
9693
1664
4523
5077
3294
8221
9959
1348
5123
1679
5464
5779
8798
5197
8166
1112
9823
8702
6029
7569
5802
5561
7189
1919
9028
6981
1629
5382
1368
5819
2975
7675
5285
9141
9711
9552
5784
5965
3398
4980
7793
7686
1536
5915
6276
1678
2222
7143
4207
6686
6407
5523
2842
9337
6961
5936
6956
3811
3216
8670
3783
5416
4001
8225
6137
1789
1921
4273
6036
7921
5764
4966
6389
3563
3862
4871
3390
5342
8616
4472
8036
3966
2466
7536
5980
6712
9065
2785
5622
5871
1868
2810
6814
3814
6049
1605
9281
6317
3672
2631
2412
6621
8507
9329
2074
4732
4779
8550
3811
4173
2131
8553
5292
7270
1314
1682
1598
2743
1091
4012
5265
6819
2015
8091
5852
5329
6306
2467
2243
1088
7126
6604
2677
8014
1550
9556
3043
7661
9863
1036
7934
6432
5256
3514
4869
3149
3775
8786
5920
2137
3977
2721
4808
6172
3882
8429
6114
4400
1017
1053
5474
8988
7904
2854
6547
1407
6907
9193
6999
8116
9207
6721
4981
2029
2211
9025
9009
8786
6196
9571
3191
1039
5923
9162
5587
4207
2361
8778
5021
8522
4504
3068
8558
4128
4694
5286
2871
2939
8529
4276
5933
8970
8885
9390
9592
7463
7979
4468
8907
6536
7030
3970
5294
8222
6328
3149
8727
3593
4456
2305
7677
7176
1999
5181
6970
1712
7379
4761
9791
8262
4518
3758
7724
4484
9979
6720
2873
2842
9525
1109
5749
4623
5729
8967
8142
5351
8806
5674
8311
1573
8523
2434
4107
1397
4629
9394
6687
9712
9581
1947
9202
5499
1223
2131
1059
3499
9657
1119
6943
6505
9665
7526
4913
3802
9810
4922
2002
4833
1387
8421
4043
5103
6180
7041
4188
3859
3146
9137
9242
3922
3103
4741
4519
3380
9460
2248
1889
3694
2277
3493
6028
8308
8478
3838
1917
6336
3996
1425
3108
7394
2955
6085
3764
2173
5233
6224
5338
7336
1856
6281
2301
6539
8562
8443
3988
2380
3851
9427
9947
2870
8168
9646
5128
5303
2253
9720
8743
2747
6501
7920
7615
2930
2816
5226
1952
9637
7988
8155
7052
4864
3845
7087
8774
8819
9098
4753
7985
4187
9810
3877
6311
5458
7998
8568
5408
2333
5037
8542
7309
5925
8606
8067
9928
5173
8003
8332
9744
8585
1935
7317
3393
5196
7949
9610
5380
3989
4578
8013
7440
8766
3409
3727
8561
9326
9033
5603
8056
5063
3218
9071
5325
8475
2855
6746
6492
2869
5683
3158
2074
6432
9476
8374
8379
6513
7162
9990
4390
7502
7533
7413
4517
4090
3413
5560
3601
1857
9434
3802
3000
5899
5970
4393
4784
7458
5039
1854
2449
4025
3771
1744
9032
6675
7717
7155
4078
9327
8042
2164
9338
7867
4920
7563
1799
1206
4472
5823
7268
6096
8125
1863
5308
1833
6977
5278
1000
4114
4738
9818
5140
6620
7426
8424
8371
1841
5073
7716
4939
8097
9525
9889
4489
7165
2201
8728
5448
7446
1147
8911
4263
1987
4701
5733
4386
8241
2241
5794
8322
5045
3636
3021
1792
9886
4430
2712
5666
6488
3230
2364
2909
7922
7296
8350
7158
4407
9902
8103
4049
5927
4747
9200
3792
3550
7217
8557
1781
5840
1028
2231
7927
2749
9586
1627
9175
1921
4053
8027
1043
9071
8514
6521
4616
4391
8999
2425
4409
8516
3668
3688
5154
5221
4675
5408
1691
7617
8999
8903
9142
5366
8031
6006
2176
4168
9796
5764
4134
1086
4246
7803
3628
4238
3389
8001
8153
4312
4973
9030
4431
7447
2155
9363
2060
8214
9690
9779
7065
8214
8862
4049
5108
5198
6864
1939
4798
1402
7708
3008
7306
5143
5264
6161
9462
5878
1887
8476
3911
3928
3208
2731
8874
9227
6500
8919
8560
2747
8589
9651
9879
9338
6934
1797
8867
7065
2542
2850
7077
9978
1298
3383
9667
8016
9830
1016
6643
4636
7841
5657
6264
2430
7422
7563
9617
2307
7029
4715
6987
1941
9976
8993
5226
5053
5313
5525
3844
9179
6413
5902
9131
6439
2967
5432
3192
4993
5190
2092
2536
9946
2472
3310
6884
4442
2395
6858
3720
6029
3644
5583
7644
9010
7291
7486
1266
4248
5218
7522
2327
2558
3713
2222
5329
6395
5952
9316
2566
8061
9379
3192
8647
3184
8792
4873
7249
4879
3219
2285
1963
3712
1996
8122
1585
7636
5331
7610
1918
2660
4069
4454
2680
8083
6066
8395
6499
6389
5811
2568
8021
6905
3414
1906
5194
6092
1143
9891
1011
5803
6147
5375
3799
6252
3717
7676
6040
6435
9920
4800
5803
6928
3909
1177
2095
5958
1436
9989
8906
8806
1166
4475
7981
9504
1872
8980
5469
9091
7494
6287
6509
2037
6838
4799
8324
5606
8216
4178
8482
2629
1499
5689
5123
1561
1666
1485
5496
4958
7609
8889
2951
2640
6047
5329
1325
9193
4712
3772
9917
6923
5393
5948
7584
2827
3341
1345
3665
5724
4474
8244
3108
8671
4902
2757
1007
3135
9069
7273
5800
6576
1298
5051
6050
6321
7778
1662
1130
9684
9889
8802
1934
3954
6597
4138
7539
7588
1285
5536
5611
7267
2083
8165
6411
4468
6858
6522
6238
7222
4739
1546
9182
4741
8983
2693
2163
8925
7513
5732
8655
6246
4998
4373
4542
4090
8414
8414
7341
5623
9418
6271
8336
5229
9470
5932
6050
8530
7840
6875
5687
4027
3402
9703
7923
8737
7142
9168
7437
5427
2384
5827
5912
4412
1668
5901
5132
2572
8525
1512
8304
4597
5865
3497
2570
2236
5322
8591
5136
8168
4076
2500
3279
7867
7578
1135
9657
4292
9949
1302
9248
6856
6002
3296
2623
8519
1515
5056
6770
8841
5820
5476
1615
5820
6571
7299
7249
5876
5182
4790
6380
9871
5561
1567
4279
6495
7355
7463
2047
8800
4153
6882
7211
1335
3932
3784
7164
8314
1356
4642
7005
8035
2633
6889
2843
1317
8854
3463
8395
8484
9285
8188
9394
5791
8826
3402
1244
3518
3557
7405
7250
1274
8104
4467
4825
4779
4532
9002
5617
8720
9691
1573
1366
8828
9447
1785
1354
9169
9901
5478
5353
1129
5915
5885
4103
7485
5200
1668
1659
6474
1879
8552
7978
1967
4931
8376
3166
8254
5596
2993
1067
1565
6508
9719
7346
1132
2544
4241
2627
4608
8701
1225
3937
8096
6287
6464
7636
3181
7725
9871
5420
6311
9758
1607
9066
5318
7192
2769
6780
7112
7874
1055
9460
8462
7602
9636
7431
5873
4118
6631
3388
9232
2924
2384
1500
8339
4301
1645
9936
1599
1362
5431
8994
9571
6997
4014
2432
3397
5109
3564
1992
4541
5264
3793
9366
7792
6145
7074
9198
9544
1524
6921
7893
6892
1897
6531
8248
6767
2758
5373
7633
5142
6563
4055
6193
2086
9608
7752
6883
2993
9118
2805
2014
7483
1290
9635
1573
1271
7777
8095
4423
1931
9374
1447
6555
9565
4681
9939
9100
8600
4626
8694
7854
9879
2038
1573
3866
9265
9211
4352
5218
4492
8557
5618
1316
1884
1840
3730
7597
2218
4008
2295
3845
6078
6301
9912
3020
6610
7585
9489
7990
5918
5922
9590
7602
1876
2104
7000
2023
5056
4011
4616
1891
8790
7183
2697
7398
2694
8644
8587
4430
1051
7462
3704
9501
8047
1668
7991
2964
3401
2875
7303
7571
5027
1891
3035
4465
7361
3851
1951
9338
9992
2609
3935
4528
8316
9012
3882
3898
3000
3493
2755
1776
5021
8510
3536
7709
1719
2414
4380
3971
5055
2768
6337
4195
5039
7681
9527
9859
7350
9628
7231
3564
9771
1506
7223
4269
9447
2643
4851
3592
6749
2459
3245
6039
4081
2379
2622
2982
8125
8733
5806
6452
3258
2261
4586
2845
2048
2065
1887
9324
1157
1890
9214
2262
3156
9666
6982
5362
6684
9377
7970
1490
3584
3775
8641
8179
8970
7224
3466
8059
1204
1181
5508
3734
6576
4473
4962
9437
8052
5905
2727
2181
8769
9346
7499
3855
5704
9486
5490
1388
9432
8652
5808
6473
4611
4073
6660
3496
9079
8105
5519
7761
6714
6238
1967
9157
4805
2492
7813
4813
4066
6181
3841
9461
1009
6162
4290
5130
8663
2051
2828
9633
6859
6192
7385
1115
5197
3686
6570
5151
5774
1830
3557
1497
9763
3357
5790
6304
7708
5941
8789
6780
1865
3657
1834
8564
1601
4362
9931
5264
8969
5938
6381
5125
5645
7288
6552
2161
6846
7459
3815
5528
1016
7559
8596
9535
5326
9715
3619
5371
1600
8182
1932
5102
7429
5603
1289
2522
8924
2621
7798
8790
7165
8440
4700
3737
8532
1177
6987
8176
4280
1515
9111
6800
6717
9768
7751
4545
6031
2706
9977
5274
1122
6390
6186
9655
4661
7947
2769
1452
8165
2537
9527
6338
2522
2009
1991
4020
6622
2690
3545
1874
5256
7065
4555
5913
1050
5264
3849
7911
4227
6974
9308
9211
2361
9343
6232
9475
2566
8061
6165
6309
4520
9236
1740
4288
5508
9197
6228
8318
4335
3358
2689
4969
3345
6569
4362
4873
5510
9930
1313
2355
7436
7075
2004
3806
9428
3959
1630
2590
6841
2819
5527
3529
3962
9906
3963
3579
2008
6909
3450
5448
3589
3966
2433
1455
9628
2938
3250
8388
8419
2666
1542
2311
4015
5090
5333
5752
5663
8801
5166
4346
4863
8169
8545
5596
4293
6640
6511
2298
2046
6228
4262
8773
4708
1958
7131
5469
2527
1534
7746
7066
9019
7358
8561
5213
2187
7363
9280
9688
9601
8771
2355
2597
6644
6513
7311
9801
8079
9246
5213
8041
4161
2232
5584
1420
5035
8686
3622
4706
7127
3051
8649
2269
6549
6949
2170
2562
4098
9334
5785
3717
5299
2506
2127
7146
9410
6955
5313
3774
9131
8570
8276
3249
1407
1298
9901
2356
4746
7392
8832
3220
5436
5861
3764
4035
6335
6948
7936
5532
1956
2565
7043
3634
5499
1807
5148
2723
8963
2794
3729
8639
9010
3981
7299
4074
1942
7466
3230
1035
7161
7436
5795
2944
7664
8800
3630
2748
4876
5023
1514
7536
2597
7170
7014
6940
4811
6874
1263
6497
3518
7404
4227
4973
5030
2366
2987
9659
3098
6404
3102
9701
8849
6399
9397
6737
6956
6467
7169
9777
4170
3050
8083
1721
8891
9510
3629
5427
7087
7831
1876
7402
4263
6148
6667
6844
7779
4309
8498
9403
5515
4108
9175
7550
2849
7788
9978
4565
6002
6846
7961
6490
6558
3452
9474
9766
5794
2757
5801
7268
8710
9790
2831
3550
6965
3363
4246
4463
6666
3461
8872
9861
3540
2530
2059
1997
2012
7616
6234
5341
7812
6254
5071
7802
2317
4446
3261
3282
9776
4359
3152
3608
6081
5987
8210
8653
1475
9100
4366
9344
5896
3435
7082
8020
7596
9692
1743
6142
5595
6819
3835
4975
3655
7288
2018
4404
9320
7200
8450
8674
3558
7926
2833
3617
3177
2429
9988
2502
2997
3260
7855
2979
6404
6631
8165
4128
6873
5344
2364
6669
6167
7979
9593
9948
9031
6726
9671
7223
1580
9879
7804
8855
4101
6518
3682
9028
2847
9678
2157
6353
5056
8606
7761
6228
2512
9493
9726
2388
8406
7669
4096
7042
2390
3610
3226
1647
1554
9277
6810
7068
6782
3566
6394
2379
8556
5733
3204
6115
8245
5011
8883
8908
4980
9116
5384
2793
9009
8965
3020
1155
2991
3048
5694
7896
6897
7573
6137
1467
3753
9326
2941
4569
2678
7427
2696
6804
9605
4219
5853
6998
7609
9380
3532
9760
7449
9780
6192
5034
4472
6264
2209
6116
7486
3277
9933
9445
5392
9865
1163
9929
3636
3172
1745
7331
6974
9964
7853
5384
5336
6274
8918
2102
5842
3747
5491
9205
9926
6377
4476
1440
7155
2176
6771
7419
2655
6986
3029
5611
3154
9132
1924
2534
2254
2933
8676
8071
4168
7989
4491
9430
8394
9112
7820
2828
1200
8483
9400
4669
2088
2523
3999
1731
7799
7323
3501
1354
8291
1619
6364
4307
5991
2334
5765
2924
2119
6434
9430
7864
6844
8485
9519
2937
6312
2988
1947
4089
5670
2907
4325
1482
2161
3450
7997
1261
7977
2140
8476
1479
7224
1195
8152
1643
8527
6632
6474
9199
3869
4088
7413
7215
9131
8983
5902
1893
6866
1756
4310
1452
7318
5510
4757
7588
7536
4397
3847
8572
7389
9011
3597
8119
2818
4571
4676
6286
6005
4636
3236
6577
2564
1303
5439
6544
5959
9900
9808
3713
6826
1926
7581
2429
6048
2338
7681
2162
4906
7642
3245
7505
7069
8457
7192
3065
7052
8199
7770
7460
8091
7933
5312
1251
8055
8007
6677
3272
1288
3978
5714
2868
3402
5789
2932
8263
8910
4616
3204
5152
3225
8771
9570
3581
4131
5473
3821
1709
3597
8039
6554
1564
1454
2222
9626
6531
5771
2782
1463
3530
1188
9833
2264
6601
4522
9745
1583
3541
9918
8131
7111
7102
9033
7334
7465
7802
6810
2128
4526
3458
7272
2381
8820
2211
3600
8085
9839
9286
5918
5175
6380
7335
6711
2254
5411
8631
3267
7759
7976
2809
4042
1371
5981
8332
9812
7849
4362
3151
5081
6416
1496
9577
7582
4081
7796
6772
8127
5166
3547
1838
5018
4747
3782
9726
1736
7115
2258
5117
2773
3393
5201
6872
6215
6971
3930
1461
2220
2681
9688
9455
5970
2201
3993
2909
8331
9677
4909
3427
2362
8296
9030
9860
4416
4172
6389
2275
5949
1613
8430
1887
1169
8949
7501
2768
5333
9481
9265
9824
1997
9332
8355
8267
7924
3077
7252
8709
9340
8023
8088
6996
2262
4855
4160
8218
1233
7343
1973
6119
6734
4384
9120
8229
2226
9400
1573
2427
3135
6624
8536
6916
9895
6463
6676
5582
9317
2323
6693
5120
5976
6474
7790
3669
9419
9025
3266
1288
4407
5900
7164
3997
4457
3473
2966
9094
9611
4430
2515
4540
3279
2286
3623
4328
7892
1306
6834
8223
6797
2806
7822
1177
1802
2804
6626
5882
8815
7196
4351
1866
2622
4986
2609
9953
6110
8597
1629
9662
2530
4726
6081
8221
5335
1654
1031
2857
1213
2739
3134
2441
3418
8990
7983
3699
4191
5732
9390
7116
8922
5848
2731
6244
9659
2423
4621
1598
8981
8552
5326
7713
4009
8376
4180
4372
7827
9114
6987
5610
3609
5467
4842
7240
7487
1869
3572
2531
1871
7785
2480
7223
7480
5873
4092
7245
8758
8605
3104
5146
2982
1330
4362
6684
1870
9199
1892
8150
5026
4664
8152
8359
6659
1519
4622
6437
6348
9005
8091
8340
9868
2264
3626
2396
3202
8154
6990
3055
7328
9117
2409
7244
9435
8455
4077
4723
4409
5860
9845
4235
3205
1095
2196
5570
9934
5540
6885
9016
9020
3977
7862
9992
2522
5991
6493
1917
2037
2717
4992
1915
6381
1470
9639
2896
5271
9415
1788
9980
1288
5607
7770
5137
6052
6874
4064
1045
8355
5965
5181
6753
7628
2288
5584
3408
6827
5844
6987
4636
7446
5000
8034
6161
1196
1565
4712
7454
1240
1928
9651
9244
9084
9190
2172
4071
6083
9765
8688
6901
6646
9466
7132
6840
5415
6680
6756
1894
3377
3634
8547
2165
7556
5559
6384
2649
7715
8895
7944
6182
5003
9650
4330
2061
8439
9146
5216
4784
2703
3488
1898
7440
2350
6136
1455
5395
8446
9674
5338
3773
9004
4243
7000
6627
8882
2609
7644
8985
2337
7858
2596
6821
6070
4393
4356
6585
5624
7675
1293
3186
9737
2426
1962
4494
4144
7138
2124
1276
1516
6648
5736
5862
1404
6656
6491
3107
2460
7261
7820
5961
7070
1095
7812
4786
5304
9523
5711
7017
3478
2106
5760
8525
3282
5626
5713
5934
8248
1819
1261
6759
9314
8125
3930
7788
3759
5502
3294
5849
2501
2667
1874
8846
9603
8389
3076
7041
3019
7951
7849
2954
4272
2369
6233
8087
3606
9441
8134
7255
9714
5669
9901
7423
8593
6483
2447
1223
1127
8632
9110
6758
4034
2072
9921
6023
3174
8517
4303
2061
4223
2054
8010
8557
4035
2371
3773
3154
8268
2200
6495
9462
3031
9210
5258
8412
3848
2639
9792
3854
5843
8306
4043
1730
8148
2331
3552
7285
2623
8277
8733
1698
5253
8345
4291
2351
7534
2765
3974
6537
6258
8505
8401
1665
6430
6497
5444
4884
9279
4938
8349
5134
2949
6812
1830
6884
8675
1926
4739
9720
4956
1380
7325
6201
1329
5059
4921
6969
6401
4590
4321
2789
7178
9138
6207
2769
8337
3382
8644
3938
5662
5192
3257
3463
7965
4747
6371
3879
8459
2232
5833
1625
9349
2770
4979
1983
1373
7498
4120
4472
7664
5995
7605
5767
1305
4213
8818
4303
8891
9092
6562
2706
7411
7627
1282
8285
4128
2741
5507
9309
1483
7886
7038
1066
5622
5394
8890
1284
8138
6708
1418
7730
5712
6467
6130
5830
5696
7598
3830
4430
5323
2832
9525
4170
1600
6755
2398
7592
5749
5929
4881
5251
2160
5251
8015
4046
1175
8629
7848
4398
3519
8556
3908
1487
1428
1602
4344
2296
6150
5449
9491
9831
3872
5334
3442
9336
6344
4971
2587
3412
7004
7684
2484
4018
4915
6517
1045
8706
5615
4305
9851
5022
1027
5078
3895
2951
8178
2715
6311
3016
5044
1672
4627
9983
9557
5602
3705
9413
5973
9425
6441
2847
3502
3146
2077
9605
6781
7031
8181
2612
7769
3217
5030
7667
5452
6452
5924
2935
3326
2209
3261
5912
7036
3248
4391
4075
8024
4810
7038
4610
6389
2225
5105
6832
5767
1279
9305
6832
4379
6962
3655
1372
1753
3763
5958
7211
8510
7407
4259
8537
6761
7933
2527
8060
2375
5735
8856
2991
6948
6787
2040
1552
1172
9773
9256
3723
1664
4747
4857
5597
6172
8429
7177
4911
5155
2551
4961
8537
9473
1831
3611
1111
9971
6967
6023
1125
7738
2213
7229
4027
9903
4669
2595
9566
9630
4432
7721
9196
5023
7672
1568
8288
3041
5722
2119
6169
5299
5307
9239
3737
8515
6732
7689
3366
6263
6842
3445
2850
8018
7352
9486
7821
9493
9161
1736
8459
6917
6893
9291
7683
3663
3061
3380
2781
2393
3236
2081
7152
7386
5340
2582
3774
3652
2353
6395
5244
4186
8192
5490
1170
3962
4084
9172
9571
9091
4883
2568
9740
4515
7992
8897
6617
8348
8100
1300
9944
5402
3682
2299
6423
1216
1692
1913
6286
9680
5256
9959
6681
9854
1010
2211
6052
9571
9188
8906
7901
4890
1731
8432
5996
6577
7533
1391
1276
6994
7215
1362
9273
8985
5906
9935
4177
6998
3938
8811
5286
3180
2849
9137
6471
4251
4902
6890
7163
3572
5365
4115
7814
7124
1314
5131
9810
6344
7519
6523
6546
4644
8653
3263
2471
6227
8797
8542
9426
9653
4443
2627
2499
2975
2362
6743
2952
4106
8568
1485
7338
7377
7635
2759
1450
1111
7659
4326
7198
1508
6354
4679
7787
8573
7323
4272
3592
7158
4173
9314
9033
7601
6653
4927
2674
6539
2152
2878
2815
2589
6785
5990
4316
8398
6640
3813
8270
8918
1607
4175
8495
1227
3645
1131
8498
8799
3302
7881
2167
6221
1473
2330
6037
5452
1003
1621
8451
5896
5542
8125
2637
9637
7428
1327
8507
5433
4925
3671
4237
9125
9166
7267
2629
1401
4899
3520
3908
5891
7313
8905
2877
2861
7524
8070
5473
7153
7813
7906
6485
3130
5417
2393
7298
4202
5315
4091
9047
8392
9907
6549
4801
2051
6244
4150
5023
7961
4153
3749
9878
5679
3917
2496
5919
9750
7905
7244
6091
3930
5615
7680
8084
7573
1584
5496
6487
3506
7392
1734
8669
4077
2902
5424
2836
7284
2354
3088
1622
9668
5665
3751
1303
5588
5617
9470
3694
3791
3316
1254
4100
4713
7266
3683
4683
5332
1073
4297
8095
7406
3705
4254
1835
5008
9203
5808
1088
4300
3492
9948
5818
6117
9783
6827
7699
1301
7483
6421
8005
9111
5766
5564
1584
5046
4050
9419
1778
5560
7523
2201
8681
6001
5565
1846
6972
3430
3420
2247
7654
5335
8043
1383
3859
2534
2110
9900
4631
4139
1942
6692
5852
7185
3641
1000
4471
6950
5396
4780
8117
7621
3108
9296
7486
1575
1687
3835
5906
1849
4702
8107
8776
6340
6774
4805
8669
4251
5951
2264
3088
9372
3054
7972
7458
2446
5796
8997
8652
1362
9018
9801
4695
9921
6910
7734
6853
7729
2454
3243
5205
8970
5734
8173
1551
5194
4905
5760
1688
8642
3743
8239
7070
8451
1476
1013
7151
7687
6489
2851
5288
4649
7773
7973
6605
7670
7605
4503
5259
7781
7766
8707
1452
3072
5930
2392
3495
5195
6445
1847
9574
6107
3383
1694
4549
3988
9117
5300
9704
7210
3960
1820
6951
9365
1786
4894
8821
5857
9620
4924
1792
5646
1391
1508
7816
9497
8583
9690
2727
8440
9561
2913
7561
7936
8147
8138
3184
1999
9837
2374
7022
7290
6627
7074
4708
6570
1296
4726
4222
6045
3243
8460
2234
2109
7428
4087
6795
9624
5347
6805
9910
7980
7122
1766
7633
8789
4770
4518
8912
1533
3710
8475
7950
2513
1455
5975
4129
1209
9362
5766
5573
3185
4632
7275
6827
3725
4230
5737
9763
5953
8753
9548
7215
5340
4622
6358
2315
7215
7918
5372
9655
8666
6479
3131
3921
8743
6607
4113
4262
2003
1964
5242
4597
9760
9021
3621
6469
2220
4368
3933
1179
6844
1598
4060
7742
7489
1726
5102
5527
3694
2242
1825
8256
5809
3071
3919
6671
3936
9375
8775
6477
7739
6935
2805
8091
2688
9179
1388
7065
9712
3702
1945
8817
1984
2128
4330
1681
9259
5374
7578
2371
3550
6455
5168
1388
1285
8658
6420
3621
9404
3642
5608
3061
4383
9514
8834
4936
7209
8663
4273
4084
8692
2756
9637
9857
5311
2930
1829
8596
2420
3270
1734
2569
1513
7961
5081
5875
2576
1762
3737
5605
2721
8331
5538
2473
4604
5502
5707
3462
6199
1339
8335
4887
1307
9902
5516
7170
4863
4864
9362
3352
9740
1645
3464
4379
8205
9328
5011
5074
2012
3359
3594
4940
3189
3014
6106
3749
9067
8418
4450
5238
1185
3459
4538
4546
1814
5487
2096
8207
4115
5716
7627
2124
9912
6608
3944
7374
4235
3969
9771
9368
7356
8822
6024
8245
5829
9817
7345
6050
1724
7535
7621
9068
4753
3805
7253
2648
4703
7998
5643
2609
5815
1372
7509
1941
5766
7982
7504
6506
7896
7621
3135
5927
4632
4170
1447
9829
7360
6921
4853
6999
5774
6367
5803
8927
2417
7077
9665
2105
9448
4591
1884
6884
2947
2407
5344
3820
5046
5863
7157
2886
1210
3125
8015
2047
4980
2921
9994
6748
7327
4789
1359
3895
6739
8312
9956
1642
2707
2705
1049
5050
1430
5649
2934
7362
9412
2150
7305
2192
1905
7790
7998
5253
4219
6679
5477
2942
4373
9650
1437
4232
4393
1492
8599
8897
4446
4620
5290
3062
8118
1318
9030
1017
4727
6007
1190
1880
6154
4516
4911
9144
5413
2288
1921
1754
3591
4149
3304
8640
5448
9105
7309
4755
4565
4615
9779
4677
9354
1667
4499
5975
1982
5661
9175
8945
7801
2447
8015
9939
4510
1007
1143
1402
6481
6169
9180
7032
5721
8306
5112
1292
8044
2923
1950
7462
5477
1630
6227
6553
8968
1066
8779
3356
9169
2865
6590
8221
6000
1898
8964
2650
7880
5437
2284
7757
1425
7340
9078
6992
9558
5555
2049
5872
5827
3086
4509
3772
4058
2970
5421
6054
5851
6612
6239
8989
6042
8726
9409
4609
2889
3525
1525
6627
9216
7686
6099
4510
1326
1300
5235
6734
7081
2260
9701
1456
3602
2251
4853
3723
3433
7655
1418
1585
4624
7509
2300
9591
9447
8631
7935
5333
5781
8066
1848
8656
8106
8183
5913
9205
8614
8093
8922
5482
9456
7146
4482
4165
5226
4922
8761
8133
2127
1588
2120
5871
9420
7913
2793
5992
3260
4462
6741
8926
6047
9917
7661
6458
5823
6089
3216
5528
8283
4392
2783
7147
5646
9176
2289
9585
7197
1017
5817
4691
2049
3226
1147
1994
8071
9335
1832
9323
4015
8562
6241
5515
4491
2064
8152
1032
6310
8867
8505
2728
2743
3737
8919
5603
3927
7138
4595
9551
7354
7345
2930
8708
3030
1717
2594
9494
3307
8842
6406
7018
7421
5184
5858
3803
3747
7006
1716
8756
9912
2615
4561
2579
8122
7879
2522
1334
2952
7040
6377
4313
4461
1410
4465
6069
3612
1210
9013
2241
8174
9320
9062
9813
3337
9978
4825
4365
5841
6481
3874
7200
5096
3717
8581
5170
8642
6755
6285
6131
6440
7178
8282
5274
8492
1493
5167
7297
7986
8970
1918
3543
4817
7609
9694
1497
2491
5904
8044
3028
6589
2820
4948
1489
7325
3646
2609
6853
1995
6183
6434
2875
6594
5137
3381
2733
6626
6118
9180
2947
1805
8838
6649
3571
1300
8417
9683
9878
9984
6185
5852
6548
7607
1315
3312
5894
6941
8550
2656
5597
2583
3590
4469
2263
2093
4256
7389
1137
7444
5309
2301
2611
8891
4088
1222
4864
4760
7402
4147
6047
5053
3357
5025
2554
8804
2699
4987
6894
5063
3166
2729
2081
4508
4377
1224
8422
6158
9106
6320
1040
4501
4232
2989
4329
6200
6481
1518
4347
7360
5214
5411
4421
2511
3272
9150
3486
2232
3330
7724
7379
8174
3022
7279
4122
3937
2863
9228
1979
7191
5204
7474
5260
9831
6129
2083
6412
5739
8047
2490
3512
9682
9490
6805
1156
3140
3801
5806
9060
7647
7144
9648
3995
7586
5217
1006
8501
3111
9881
3338
7080
6254
7843
1057
8659
5669
2973
7027
5552
1535
9411
2176
7728
8530
2342
5805
2328
6415
9025
3699
7324
9996
7999
8219
9203
4366
7024
3721
7461
3857
1523
7837
7686
7334
5962
6530
4684
3750
7088
2176
6791
2123
7387
4674
3548
2803
8287
6005
2558
4129
8819
1699
4317
5223
7024
3475
7176
6261
3350
9149
3501
4344
1367
3841
4776
5447
5810
3436
1760
3051
6946
6128
6404
5195
4730
3117
4166
2067
4769
1585
6291
6564
9867
5228
5009
1031
9411
7303
7546
7627
6765
9349
9065
5306
2453
3888
3917
6265
7648
5729
9908
7166
8717
5037
6015
9481
8267
3483
2068
6323
4090
9617
9361
7826
5507
9626
1491
9289
9424
5387
9674
4850
9585
7751
6704
5937
8941
2873
2047
3705
9183
7392
9597
2948
6502
3834
1351
2126
3682
7049
7309
3728
2766
9599
8390
1294
4443
5709
5155
1897
3872
1366
7070
2490
9270
8191
4117
6428
1144
4475
7271
1275
3699
2712
7185
9198
5498
1068
3087
9702
4015
2990
1443
7700
7812
7859
4202
1825
9708
7920
8260
3704
5241
1865
9932
7042
1448
1338
7017
1049
2247
5985
6775
9122
7677
6664
4551
8824
1996
6661
3278
8375
2809
5355
5759
4470
3793
1369
4149
9367
7435
5331
4581
9323
2049
8456
1643
9756
7644
3590
6636
1548
7507
2180
1649
4339
6032
8931
3993
6333
7061
3348
9362
3639
8439
8651
2098
7897
6353
9933
1512
3648
2472
5727
6934
9244
1616
5960
9430
6721
8796
9852
9391
7978
7726
9071
4355
7301
6074
3453
9426
4636
7630
9842
7248
2423
9972
8290
6511
9459
9576
1379
1692
8781
1451
8615
8104
7687
1066
9777
3645
3658
9957
1547
8140
8318
4972
7438
4577
1324
4434
7591
3234
6212
8433
2939
7095
5735
6326
3839
9342
8417
7773
4994
8734
3316
8321
5680
8767
9826
6701
2104
7548
5216
6066
3417
8452
2585
5237
8612
6842
1657
3846
3310
7293
5052
2461
7457
2725
4149
6612
3717
5927
8697
4941
6253
1461
1760
3070
3708
9694
4701
9752
9744
8190
1022
9823
1655
8752
2161
5903
6455
2646
6327
3530
8758
1403
4868
1001
1739
6136
4320
2742
8310
7427
5211
1421
4550
1113
6987
3301
9108
3040
5153
8228
3877
1497
1200
5003
7179
3086
6169
1264
7248
8067
7123
5393
7971
3013
7394
6019
1770
6358
7500
4508
6936
7337
3751
4303
7173
5205
7214
8682
3112
2599
1408
6690
6293
2290
8425
6692
2781
8864
3084
9295
5113
3008
6347
9586
7852
6238
6571
3653
7305
8812
1951
6267
6788
1896
2899
4095
6293
2118
2267
9450
7052
7029
2971
5929
3582
9422
7990
3290
5553
1647
8760
7369
7337
5136
9604
9307
9002
2801
1763
6468
3031
9406
5007
2686
2246
3511
8462
3442
6600
3335
7984
9294
4270
5346
3522
4232
7568
9046
2588
3996
7610
6421
3047
8028
9447
7901
4822
8609
6454
5167
8246
6141
6274
5102
6044
3373
3777
1661
2595
8002
2883
7399
8104
8172
7016
8858
7363
8081
8623
8312
9893
6443
9738
7457
6512
1741
4893
9283
3553
8958
4677
5482
7258
8635
7123
6504
9644
8610
1674
4687
7596
9824
1312
5301
3199
2726
2300
7099
6600
1755
8887
2708
5817
6802
9029
7511
7587
5128
6176
7627
3285
8708
5014
6013
5978
1076
7980
9421
5018
3450
8788
1123
1451
5827
7247
9770
1964
6300
3288
7124
4253
2761
2421
8545
9843
7819
3301
6609
3586
4459
6007
7638
5658
8088
5703
4469
2614
7342
2630
7722
1006
8657
1371
2836
5708
8496
6345
1487
2770
2394
1294
1395
1938
4393
3521
3579
1821
5874
4669
3564
8878
1755
6595
5155
4522
5519
5160
3662
5685
1280
7599
6915
9625
5068
5979
1475
8877
1978
8779
9275
1989
9299
8202
1066
6661
9908
6487
7096
7533
3331
9765
9197
4431
5675
7160
3206
2967
7630
6289
5939
7882
9337
5442
6740
4337
9459
9223
9208
9074
1016
3038
9625
7067
2458
6829
9403
1891
5025
2892
7099
4334
4560
8182
9144
4703
8550
3471
6738
1113
1437
3138
3373
5205
9026
9312
9901
9606
4414
1348
1989
2328
1256
3193
5619
1543
2361
8092
8683
9859
5927
2214
4855
6064
5029
1696
3407
9552
5755
4760
4832
3500
4958
9229
6934
1585
8085
7827
7546
7169
5974
3061
6065
6390
9067
7882
5564
1776
4631
7336
5905
8220
2073
7672
2237
8527
7576
7881
4954
1429
7166
8250
4015
1781
7959
7659
7229
3503
2180
5354
6117
2293
2248
9498
4984
8998
6666
4696
1535
7372
6306
2084
6364
8876
6810
7995
6732
9966
4282
9035
1803
9987
9932
1071
4360
6033
2996
4047
7795
6746
9595
6028
9130
9023
9330
3085
8098
8517
9066
1464
7225
6669
9910
7191
1129
9676
3013
8477
5287
4842
5483
7987
7724
1691
8333
5791
8119
5175
4092
6005
7256
4091
7308
7379
2705
8710
5049
6885
1967
2171
2841
2069
4888
3177
6258
6563
4753
1427
1824
4335
2659
8713
8772
6749
6268
9780
7075
6367
8047
5625
8642
7619
6090
6798
8973
3394
6905
4165
5423
3046
9984
1861
7737
4806
1253
1748
5553
5776
4496
2111
8175
2920
4639
1646
4193
4078
1096
2610
7695
6201
5642
8514
8501
2003
5658
1095
2334
2005
1168
1586
6929
6946
7534
5034
5429
3533
4360
3841
1597
8925
7967
1145
3535
1029
2096
7642
5026
8273
8545
7043
5595
6309
4104
7574
5532
6772
1158
9081
1381
8778
9395
9375
3658
1929
6249
4303
9606
9147
3984
7141
7634
8787
7313
6534
4674
9895
4546
5637
1617
9814
1177
3271
4287
3641
3410
5930
1716
7945
4329
8776
4562
7923
9848
6972
8887
3258
9720
2179
8503
7650
7701
7365
4340
2098
3714
7615
5336
8613
6200
3567
6168
1532
6064
8287
6791
9283
1155
3663
6673
8612
2684
6166
9275
2944
3412
8876
2667
7157
4837
1490
2198
4244
3149
4022
6086
1002
3990
1249
3987
7091
1080
8623
7241
3429
9426
7310
2521
2630
4546
5471
2904
9340
3749
6328
1680
3592
6882
6508
3442
5296
3227
2456
5804
4869
6788
3222
6300
6614
1386
8145
8109
5019
9411
5977
1721
8917
2227
8903
7866
3140
1297
7567
5331
9550
4777
3459
2497
2877
6986
3856
7923
9633
9921
8057
5229
7430
4118
2861
4546
7230
5774
4423
9877
5961
9702
7036
1029
8317
4006
3111
2788
2336
3778
7916
2953
8546
1842
9733
6164
7720
6468
6489
2664
4314
8124
4216
8212
7683
5143
7072
9443
5355
7306
5939
7900
6197
7722
5468
4162
1890
2279
1106
1519
3825
7728
5214
4307
1537
9330
6732
5832
5908
3716
9762
8009
4399
1088
5714
3583
4080
9048
2694
4025
4899
9018
7451
9287
3919
5354
4186
7847
4432
9794
5592
9864
8320
4251
5254
5919
3710
1589
4859
2859
8750
7491
8563
6738
2457
5445
4838
8309
5989
6254
6939
8265
8198
2325
6224
3738
4308
2634
1557
5524
1081
4978
5811
7662
3315
9359
5402
6358
1449
3778
7349
2413
7402
9588
7689
2424
9255
6725
7531
1471
6710
7405
9781
6592
6774
8778
2245
7799
2229
5630
3743
7977
2229
7981
8174
6561
1226
3882
5459
6987
7907
8037
7368
9603
8864
6911
5148
4339
5194
4239
3642
3074
5495
6278
8440
8236
8492
9832
4225
2865
8603
1450
5236
1519
4809
1531
6460
1052
5566
8116
6329
6949
4018
6485
2442
5830
2351
4510
6384
5349
9207
6825
6044
1298
1739
2985
3990
2939
1332
6325
2398
4533
7620
4916
9478
7319
4425
6397
3049
2478
2322
9682
5261
1911
2226
3611
9023
1258
4673
9107
2477
8276
7076
4781
5052
8996
5186
7081
7165
8619
7800
5439
3327
9638
6771
3561
8471
3096
5391
7205
7752
8355
5594
2959
1575
2691
5134
7228
4739
8527
5517
8825
3482
6132
8582
2190
7027
2706
4396
4689
3270
4250
8258
1690
1229
4259
6211
8261
9139
6884
1030
1645
9373
5897
3781
5613
3813
9732
1858
6184
3079
7388
1140
7171
6412
5100
8798
4411
8754
8199
3249
8662
2314
9819
9106
1852
5194
7806
2084
9309
4054
5686
8066
7068
2387
6233
6563
6254
3728
4978
3168
7148
3900
4565
6022
8150
5646
6698
7268
7759
6401
7673
1092
1485
3372
5105
6483
6316
7409
8051
6743
6779
8224
5708
2107
8274
1669
8921
3364
5255
8871
4495
9221
3450
9030
6980
9571
1890
5457
8664
5108
1609
9262
3952
9569
1102
1153
3421
2079
4746
4768
2901
5783
6393
1677
5366
9545
2237
8275
5453
3636
2261
3852
1412
4011
1831
8547
4518
5876
6016
7924
4994
4471
7275
9097
3962
3363
3799
3419
1044
7065
3506
6416
1856
1410
3588
8631
5112
9405
7119
2255
3929
5950
1201
9692
8954
5864
9262
6701
9025
7457
3646
1111
5545
9631
5272
2544
4807
8068
8131
9518
1804
3133
9830
3383
4338
6361
1523
9185
6101
3404
5609
3805
1899
1113
7029
3643
5735
4341
3957
3851
7542
6674
3303
6067
9960
7315
5945
5646
7122
4632
7883
3288
8371
9934
5836
4299
4814
3569
9845
7572
7128
5116
8746
4156
2610
9987
1117
1398
2106
4676
6817
5304
5945
6886
7474
4160
9627
2314
6876
3940
9987
1402
4215
8425
4069
5948
8856
4181
6785
4995
9771
6171
1526
9837
3672
6265
2150
1040
6894
6967
4450
8016
9891
9353
3077
7898
4588
1330
5737
3189
8813
9823
6472
2357
5728
3051
3840
4904
3746
9987
2022
2156
9256
8103
5025
8067
1595
9358
6502
8082
7243
9465
7326
2090
6637
4963
3754
9935
3833
7605
2504
4533
4315
1472
3964
2491
7290
4824
4033
7088
1580
4865
8268
2498
9398
8206
9239
5210
6420
3659
6303
2759
7142
4829
9496
6807
5456
4446
2168
2585
6095
6570
3910
3098
1653
5519
4338
6690
4220
2489
5081
6589
1574
6492
8031
7555
6538
9848
9633
8345
8657
7434
1205
9956
1697
6147
4508
5947
5254
8737
5325
1649
4966
3408
5821
5163
5179
9474
2966
5747
7086
3951
8740
5742
7894
5405
9076
7385
3859
6601
3699
8888
8882
9518
6699
5992
4095
3207
7138
8618
2904
5628
1762
4267
3844
2563
5782
7290
1461
9621
9009
3561
2638
1573
8439
5087
1712
8147
1775
4933
6202
3551
6139
3112
4790
7665
6252
1308
6386
2171
2207
3045
4362
8775
7691
8711
9438
1505
4244
4433
1423
6581
5284
9101
2310
9161
4580
5682
9880
8169
3504
5560
3197
7891
3927
1325
2409
1182
3001
4801
7215
2147
2105
1362
3132
3496
8579
4316
6376
9723
2837
5340
7062
4576
9042
9821
6625
4473
2957
5294
5737
9306
4963
7903
5953
6455
5669
4504
3277
7652
9719
5581
6327
5060
5259
5816
5655
7481
4027
9758
3324
4583
1895
7542
7661
3931
3864
7749
6693
2912
1380
9796
6804
9089
5862
2664
7434
5012
2746
4728
2818
9649
5548
2976
5629
5103
7763
4767
4162
1884
5021
4906
6504
1396
2989
6968
5690
3637
9805
2927
3509
3757
7794
8189
6994
1651
5521
3031
6203
2216
8485
1250
5195
7804
2373
7013
3342
3500
1686
4300
4952
2722
8730
3707
7894
8962
1721
1375
5183
4923
2638
5655
4048
1683
9569
3510
4988
7256
3022
3709
9814
5644
7798
4787
8901
8941
4415
4221
6704
4958
8145
2016
8827
4895
2706
3275
8395
4724
2554
4095
3880
4405
4404
1798
8468
4831
2826
8274
1066
5201
2714
6394
6486
5872
9357
4732
7105
2773
9900
1173
9835
4587
3733
4001
4886
3163
7633
6853
6568
8159
7592
2625
6094
6647
5939
8365
2499
7330
3532
8955
9617
2539
8868
4788
4916
5057
7378
3971
9722
7693
9996
6041
2175
4212
8794
6607
3987
5447
1835
4868
1392
6705
3931
1463
9392
1006
4088
7574
4106
4346
8265
2257
4665
3959
1607
2963
9247
3576
5587
3025
8171
6004
9259
8601
2441
3504
5543
3954
9810
7358
1696
9508
3263
1196
3758
1332
3822
4425
1590
9987
4619
6066
5970
3895
1095
8940
6274
5354
2588
4209
4163
4568
2761
2041
9889
3823
4959
2326
5545
6645
1720
1526
1648
3521
9056
4177
4981
2109
4123
5956
7317
4484
4480
5122
1869
6793
7500
9792
4397
2097
8153
8572
2021
9772
6746
2391
7969
7305
5633
7071
7022
3784
4948
6336
8063
6825
1295
3542
2815
1121
3908
8488
9709
3494
8123
7070
4404
9015
2329
3832
5739
1382
8891
1034
3545
6303
6076
8940
5258
4676
4516
4063
8353
7318
9109
2077
2834
9042
3031
9486
6652
2212
4433
9974
5293
8148
5692
9639
5941
9746
9010
6533
9854
1978
3903
4989
1061
5241
3546
8230
1855
9325
5099
1352
3821
2291
2933
3317
4534
9554
4198
6869
6725
4770
1588
7037
1518
5120
7279
9750
9908
7543
5003
1438
6904
1244
2620
8675
2205
3195
2695
9644
8946
4942
6870
4424
8151
8243
1886
7583
9710
6877
3726
8746
9278
8717
5749
9360
2870
3516
7557
6485
2340
1249
2239
1377
3405
8034
9812
9850
2291
1131
3145
4366
1052
3660
9319
2211
4530
7233
9849
6382
5578
9161
1026
5165
5413
7412
3091
4080
1261
6741
4416
2948
9671
6041
5983
8673
5275
4461
6311
6413
1599
8497
3058
4738
5704
3758
2479
7865
4570
6815
5270
7154
8121
7275
6308
8125
7046
5953
1960
1823
1527
1927
1313
1845
2669
3470
6925
3039
2286
4694
2227
2273
4538
1748
6119
9282
4436
6141
2723
5535
6208
9624
4916
7229
6291
6058
1278
4303
5826
3761
4553
1229
4501
3225
8096
9393
8173
6764
1311
5818
8179
7870
6970
6203
2314
6285
8588
8578
6399
3807
7252
3052
8925
1851
4106
2548
1992
5367
2737
5273
8188
4244
6480
9621
1616
1192
7760
1266
4929
8061
5432
9500
3426
4779
8063
4856
3814
1168
8743
5866
5414
6926
5439
7244
5823
4862
9374
2263
4375
2386
8421
3923
8669
6494
1828
5436
5146
5993
7914
7964
2902
2325
9501
8294
4073
1107
4910
9907
2741
3701
9739
6909
9828
7546
7752
8314
1975
5492
1138
5528
1029
2314
2133
8841
4353
3334
5381
9209
7737
8569
6003
7625
2974
1573
3474
1161
9946
3983
8109
2781
3020
4557
1093
1558
3243
7835
2061
6629
5416
1736
4328
3088
9681
5461
6792
8015
2561
7375
9196
3987
8453
3805
5338
4763
9351
5137
5646
9014
2817
9734
3668
9440
1181
6386
4407
2230
9429
6342
3199
8715
1218
2400
9468
7848
9750
3556
3009
7142
1850
5576
1127
9998
9289
4010
8671
8455
2462
9395
2686
5375
5821
9197
3891
8750
7997
9301
6649
9832
1885
7158
8014
2238
7801
8250
4637
4379
1496
7085
4463
7945
6838
2361
1614
3407
5930
2634
1469
3698
6408
1594
5312
4957
7712
7712
7497
8281
7747
5228
7109
7968
9126
8588
7522
3449
2060
8906
2546
9715
9496
8848
9005
3324
7025
7325
7472
3405
7085
5302
2461
1448
3932
4776
4399
5788
1907
7231
6580
9224
1340
2062
9359
2937
5010
8097
2343
3770
3180
4724
6295
1030
3083
5834
3912
9034
8022
9374
6423
5966
6712
4480
1532
7839
4160
2205
1710
5255
8583
6252
4550
7344
1514
5053
7112
3969
7965
5328
7045
2157
7552
1158
6360
9525
9915
9414
4606
8041
7550
4015
3282
4473
8419
4758
6369
5419
8799
5111
3919
9928
9373
9662
5906
3419
5102
3273
7329
3285
4645
1185
1852
4268
8631
3904
4435
4621
8199
4563
4600
1757
6914
8628
3924
3120
5179
4563
6284
8230
4390
4425
4261
7231
7304
9716
4894
8713
6365
2014
5447
7394
6243
5560
7690
1718
2500
1419
9990
2972
1770
5669
8138
5185
8348
4648
2399
2746
4304
8209
3844
8709
4907
8907
1196
2469
5915
3394
2080
6148
2975
7877
1248
1027
4994
8043
3997
7197
6433
7527
2970
6678
5242
5763
4483
7178
5941
6977
9846
6241
6528
9338
1571
4157
8824
8663
1316
2661
2004
3207
8099
4395
1930
1051
5588
6851
6427
6609
8389
6066
6314
5842
2914
2386
4304
5132
8499
6857
8299
5771
9478
5233
8105
2596
1554
6003
1586
6839
8453
2856
5452
8205
8431
3459
4360
7489
4077
3886
4888
5221
2017
7337
3398
9968
7895
5641
3557
7935
8503
8213
9377
4694
8169
3083
5478
9555
9106
9351
6084
8559
8699
6324
9016
6727
8617
7586
2000
2132
9708
1586
7454
6926
3269
3625
7697
4848
1662
1226
9753
4275
8662
4978
6767
2914
5287
5263
5957
4507
9658
9924
4675
6164
1031
3039
5722
5665
5104
8531
8731
3677
4964
3292
7238
5883
4514
1212
5775
6283
8880
4833
2679
9169
1402
6896
7042
4468
3561
8481
3480
1302
2814
9311
5883
9420
3894
9960
2031
4332
6171
1456
6514
5791
8044
3685
5862
5638
8252
2457
5792
5416
4923
7218
1083
9773
3948
8896
4283
4095
9922
1339
8245
1040
8779
9582
4997
4958
3657
1528
3135
4103
3312
4557
6809
3925
5572
2075
3700
6181
2472
3224
1585
2667
1582
7253
3181
9655
3234
2886
1872
4878
2145
9575
6937
2072
1498
7164
4643
3104
2633
7879
3889
7521
1471
1055
4155
3058
5672
6133
3096
7284
4378
1752
6699
2714
6073
8826
8505
4349
9239
5020
4643
2128
9444
3290
5865
3256
9540
4259
7370
7517
7281
3368
6019
9982
5050
7748
1031
1884
5388
3361
9289
6228
6658
8097
7460
7492
7601
2812
6561
9510
5478
4036
3501
4775
5535
2086
7082
8519
4751
6775
1795
7570
5345
7764
1320
6354
5650
3928
6014
2862
9157
5845
6625
1128
7159
6102
1207
3585
5451
2927
9178
8992
2260
3748
2665
9965
3159
7352
4942
6649
2227
1325
4393
2957
2309
3812
7624
3274
7804
7592
7483
8755
9867
2076
6624
5215
8677
1268
7104
1815
2665
1826
2338
7327
4039
3976
4637
2356
6083
8936
5680
7448
3379
4759
4513
3354
7347
2114
5065
8049
9313
4058
5155
3294
1153
4684
9409
4592
8822
8894
4604
2774
2851
3650
7077
6646
6470
6423
8657
5763
4402
7752
5943
3336
3132
9387
9323
7880
9364
2529
1241
9892
2964
7342
1731
6264
3568
6294
5525
7372
2461
8490
6614
2946
7917
4930
3457
1485
7374
9470
7626
4269
4659
6237
9377
5367
8849
7733
5139
3095
3632
8603
3698
3699
2712
4540
9892
1888
1255
3893
2357
3341
2216
7970
4248
2313
2743
1747
5103
1320
8205
2625
4863
2257
3263
3252
4740
5895
8081
6168
9993
5140
6463
6078
9590
2790
3717
7312
5284
8333
1605
7876
3391
6228
5198
1542
7405
6954
1471
7488
2977
6868
7677
1190
6247
6196
1255
7149
4303
1292
1060
5539
6234
4352
9051
6908
8581
8032
8242
3418
8683
8508
7916
8976
3068
6423
3109
2772
2222
9627
6484
1888
5008
6523
4852
4937
9244
8721
4162
2950
9164
6214
2529
7919
8805
9237
6511
8143
7441
3320
1664
9809
8987
7696
1406
7789
9673
5999
4099
2067
4832
6628
4349
3641
9939
3675
4645
3221
3421
4143
1389
3992
7968
9544
9183
9394
1827
1729
8745
9916
7702
5932
9613
8047
6676
5971
8299
1681
5323
3141
5578
1641
1749
5901
4650
1951
1461
4429
3199
6104
2260
2882
3357
2907
7655
1122
1299
3939
4840
1913
3208
5198
9549
8151
8409
7659
3017
2114
8003
4301
7734
1624
5160
5378
8202
4999
1400
9509
6640
9036
7083
1806
4332
4236
2597
8431
8741
4992
6526
7460
7212
7505
7819
5693
9838
3035
4750
3416
9323
9743
4752
9544
2009
5769
4106
2305
2850
4862
4118
1061
2496
4649
7271
5604
6479
6095
9511
9226
9324
7304
2979
9811
2252
8264
7821
9567
2398
5334
8654
5272
9721
8840
9515
1381
2761
6087
9889
8073
7882
7784
3665
1635
9735
1488
5241
6504
6505
6253
5026
4437
8917
7276
8418
8964
7447
7773
3544
5053
1445
9144
7126
3590
7684
5139
8418
5536
1522
9109
9824
2706
9139
3489
7067
8337
6118
8675
6028
8898
7961
4885
9189
7552
6883
5444
2744
6333
5756
6161
5578
9819
3473
7035
3651
9208
4541
4109
4894
9027
7896
6613
7238
9267
3324
2721
8044
4168
6271
5266
4664
1507
8834
1778
1599
1944
6977
9046
8937
7793
9522
1368
8239
5276
7212
7485
4067
4028
8101
3403
9389
9806
1466
2365
4579
3139
8540
6972
4451
5318
7675
9989
7156
5271
7054
8904
5014
8807
3757
4036
3142
3404
7198
1462
5935
3078
3832
2859
8863
9095
4436
5733
2969
7433
1787
8542
9739
9359
5160
8096
2347
7890
2939
8651
4883
9023
2259
9826
6367
1004
5619
7136
2441
2121
6030
8723
2798
4522
4576
4047
1762
2847
1667
1387
9996
5036
4664
2605
8788
6150
4817
8429
7577
1436
6932
8166
2655
7079
5400
6124
5420
4231
8769
8391
8254
7779
2529
9818
6601
9333
2999
3097
8096
6335
6179
8586
5868
6221
5865
6654
9548
9880
3477
8740
8740
6780
7819
3402
2843
2790
4482
4582
9412
5652
7907
9003
1175
3021
7797
9803
8556
2143
7000
6547
1987
3213
9162
2368
4128
7804
4588
8659
2226
5305
6386
1912
2298
4374
7771
3736
2150
4968
2871
7156
3001
7895
9470
8203
7208
1981
4583
4140
2228
4700
9367
9270
1273
4133
6445
6553
6285
6924
2815
9664
5371
1311
5518
5194
9134
1595
2923
5376
3218
4029
5564
5238
9191
6033
4451
3818
5354
3186
9728
4047
1196
8838
9887
4489
2998
6436
3178
2345
1838
9319
2007
7649
5857
3485
3610
5656
1142
8566
2346
3252
2092
3717
9635
5464
1781
3166
1728
7441
7310
6993
2075
6435
6917
5689
9011
4932
4215
2159
7197
6578
8430
3372
1373
5356
3452
1885
8294
5946
8430
8956
9181
4403
8181
9908
4773
2046
4402
3072
9600
2935
8854
7357
7948
9783
1514
7513
4608
8094
4841
5323
3086
6606
5143
6439
9189
7473
2035
4034
8413
4981
4422
3977
2174
3949
2431
9439
9811
4907
1643
5428
7975
8865
7805
4358
8390
6358
3421
1048
8413
1686
4904
5455
1273
3139
7763
6637
2515
7323
4777
6224
7243
5206
9176
5783
2030
7645
5376
6697
8473
7947
5467
6514
2474
3419
5094
5898
5355
1721
5953
5304
5500
4415
1627
3677
7697
3099
6887
7974
4015
4495
9640
4047
9666
7772
4170
2908
7805
6187
6577
2479
4508
1489
4646
4987
6033
4492
1239
8508
8886
3787
7614
5192
7438
8536
5770
3300
6126
5527
4769
1214
1658
8219
1464
8189
8647
4958
8415
5906
6046
8455
8077
1446
7305
9310
1458
6999
5789
8559
4754
1906
5875
3307
8779
8624
1075
6145
6562
5487
2665
3956
3730
1035
5977
1799
7735
8362
9349
3319
2904
3429
6996
4837
3780
1384
4094
8965
2998
8550
3136
5186
3402
9949
6130
8456
2100
5441
7375
1180
9478
8907
7543
1839
3751
1242
5846
4302
4164
8180
5191
3595
4979
7759
6500
8211
1744
2717
2013
4867
1060
9195
7386
4832
3722
6462
2484
9587
4457
6524
4054
3324
7216
2042
7674
5272
3505
3902
4216
4992
6017
1665
6753
7864
2930
9946
9209
5773
9675
7127
3875
8113
8533
6046
3355
4446
7509
9338
7035
1640
8737
7789
9609
5018
1723
5713
5393
5478
4421
5197
7265
6633
1707
2618
1740
2231
8649
3267
6218
5340
8991
4919
6803
1291
9327
1716
9714
6056
8220
4361
9291
6679
5205
2921
4646
7469
7850
1886
7080
7525
1382
1279
7994
7588
4376
8089
5872
2291
5480
2009
1284
4906
4488
2278
4066
8919
2240
3033
4341
1852
1818
1057
3903
5129
1671
3236
2620
3422
9931
1034
5329
4330
5183
8059
8858
1442
5422
2700
2276
8632
3730
8528
3196
5660
6225
7321
8091
7259
1397
4038
1746
4892
3885
5979
6119
8253
3163
2233
3787
2722
9483
1814
6409
7517
3723
4707
1539
1073
2990
6801
3823
2901
2206
4422
7593
7009
8490
8548
2513
6166
4876
1813
7302
2700
6758
5785
8268
3512
3022
1224
6084
6855
9269
8422
6504
8941
6135
5028
2657
9661
1250
4841
3052
9398
3114
3929
1028
9895
7224
5102
3197
1914
9631
1122
9226
4333
5713
7290
2425
4362
9242
9008
7855
7373
8413
1483
4152
4551
3904
5261
3372
4094
2058
2515
8228
8896
3848
8638
9057
4415
2546
7847
8942
5965
8046
6462
3000
1317
4610
7296
9718
3913
5329
4197
4638
9172
4299
7605
6109
7982
5793
2274
5006
8313
6871
4484
3976
9794
4172
9545
5048
7857
4895
4998
2943
4358
5140
9057
5281
8803
3124
9070
5352
5121
9493
6549
6121
6820
4060
1322
4415
7990
9242
5443
3498
5543
7860
7925
9530
3752
8069
4490
9894
9249
1524
1560
5158
7070
4935
3641
6206
1388
1534
4515
8867
2391
1562
2485
1564
8769
7578
9971
4959
9700
4180
4315
3820
8596
4796
4207
8026
4583
3088
5432
3964
9057
2148
3100
8450
8146
9818
2156
7528
3685
1859
1781
5909
8005
7684
5926
3058
2889
1376
3371
1646
7338
4971
3882
4593
8601
2183
2914
1057
2700
4733
9657
6380
2651
9664
4040
1313
2437
8040
8674
5674
7588
9985
2296
1738
6129
4970
8002
7674
7704
2536
5216
6230
2397
5118
3961
4461
7831
2549
7312
5736
6447
8720
6529
6182
7482
6786
2687
6113
6624
6587
3276
2518
9039
8151
4185
3936
4949
1280
2438
3710
8715
6886
7068
4751
4708
1957
6339
2649
7585
5636
9687
6353
3688
6401
6702
6017
4185
3004
3910
5599
7984
4474
3184
2889
6756
4378
3380
2577
7487
3062
9649
6483
7795
2155
4418
7609
9369
7219
6718
2988
3736
1565
8011
4766
7939
3754
9071
8416
8587
4299
7105
2282
4509
5038
9368
9239
6607
1780
9970
8479
7548
5016
5179
8420
4219
5639
7793
1337
9112
1344
4041
9340
9680
7223
9088
4960
9179
6447
8182
4217
3549
5195
7152
1865
8417
6788
2190
8624
1598
3002
9192
6322
2513
4749
9518
9396
7499
5995
7834
4886
7730
5664
6621
7620
1340
9185
7903
1743
2589
4721
5031
7818
5388
2498
6135
6181
4939
4136
7286
5097
5388
2944
8054
2977
1984
9117
3244
2685
9792
3530
7176
6780
2097
5177
3239
1024
3794
2615
4049
9206
5833
7285
6187
5541
6881
6876
5124
1571
9324
9487
7877
2321
1088
2482
6592
6225
1183
6537
5367
3940
6095
6173
3839
9991
2689
4812
2056
8049
2053
2959
1873
9055
4564
5718
9944
2453
9781
2848
2746
5506
6844
1783
8811
9278
4244
1682
1037
3130
6175
8317
6441
1927
4204
2956
3362
8721
3521
3700
5392
4426
6622
5640
9888
9328
4533
6240
1441
7626
1012
9023
3002
1247
5658
2014
4518
9609
2118
6980
9499
6131
2519
8929
2987
1229
2582
8580
4448
3180
3099
1104
1233
8766
8976
6130
8525
8296
7052
8425
9566
2736
5922
6427
9422
1302
5035
3602
5146
5058
5957
9458
8097
8329
9856
2539
7239
9746
5699
4968
4838
6987
2292
6121
7310
3641
3720
1345
1881
8175
9062
5436
2849
9476
5813
5584
7501
9697
8431
8534
3159
8719
1514
2041
1612
2249
4397
8041
8531
9654
4252
8893
4240
2778
8049
2469
1443
9911
6343
1701
9916
7009
7478
8510
1081
1407
6600
4035
5143
4007
6506
5715
3476
1821
4373
4498
9474
6020
7845
7118
7833
6831
5600
9972
2522
4882
7401
7821
4053
9303
1595
6555
6815
2371
3677
3157
4239
9315
8921
4183
6741
9448
6270
7073
1794
6422
6930
4992
3359
7841
5207
6704
5609
7701
7669
6900
8728
9988
2302
7490
9621
9938
9293
1376
1327
2281
8492
7310
6446
3225
8147
4203
8129
3346
7007
2999
2230
5247
7552
9880
3190
6972
8894
5916
7818
6472
5629
7970
3693
4913
9243
8860
3294
3252
3359
9381
7443
1443
6909
3864
9329
2311
4605
5154
1461
9070
2547
9331
7776
4676
4701
5143
5887
8130
2201
5492
6477
8986
9203
5349
1322
4781
2773
8838
1703
4375
6427
3709
2271
5399
4148
5670
8428
9311
7036
7390
4004
4655
6230
2333
7071
1358
5361
8392
9822
1647
7189
9329
6122
3553
4172
4617
4659
6287
2629
7699
4964
9586
5150
9297
2614
8461
4479
5783
6528
1880
1352
7794
8921
4937
9347
9364
8098
9187
7749
8289
3378
3334
1267
7009
