1034
7630
3947
2996
8913
5861
8221
4274
3581
6889
2177
6591
1516
4998
8730
4034
4824
3814
6425
8085
5319
4773
9865
4297
6599
8152
3801
1077
7602
6421
4406
1269
9647
1379
3942
9117
6518
6292
1408
5849
6214
9973
4992
9071
1788
4621
8523
2978
9136
9233
3270
5826
2314
9160
6557
2118
2320
4860
6351
2973
3031
7979
8672
5198
5035
2665
9776
6300
7502
5400
6505
9011
5929
1782
4791
5246
8473
1276
2204
2012
5133
9495
3579
9057
2469
4407
6971
6353
3462
3734
4907
1505
2645
7664
1866
7239
4370
8105
3575
4337
9839
5475
2706
9407
7484
5277
5633
2810
1768
3707
6734
9285
8846
6149
9777
8129
9607
6941
4769
5917
4751
7385
9063
8818
2314
6214
4654
5550
8577
4967
8126
6836
4778
4841
2065
4175
3658
4253
3731
7502
6281
2386
4759
4529
6024
7701
3462
7256
5171
4124
5187
7698
5946
6055
9050
3781
3483
8970
8613
5995
8994
3341
8466
1159
9958
5927
7260
3122
3781
6076
8022
2430
7301
6272
3773
4897
4343
9127
4326
4606
7560
3648
4439
2248
1164
6454
3715
3344
1569
1547
6479
8345
2093
9587
8586
1736
4606
2424
2120
7417
6390
2475
5220
2488
2375
8012
5755
1410
3906
7018
7063
5056
3438
3392
5293
6632
7145
3384
7191
5437
4866
4399
2126
1079
7676
3761
6765
7066
6695
5976
2960
8763
7397
2429
6512
6065
1593
6648
9291
1542
8626
4697
2795
9053
8149
1832
1239
9126
3644
2277
6330
1265
1980
7840
4901
6890
4218
3659
7610
1252
5226
8573
5569
9802
6434
9428
6627
4610
8886
3083
2609
6428
6392
6393
4858
9334
7149
9956
7423
3361
4406
7798
2099
8978
8710
1882
1490
2665
1157
4192
5544
9409
7910
4286
4078
7347
7254
9384
9475
9474
7567
4655
4229
5706
2616
1800
4732
5870
4700
3634
9904
7057
2229
6375
2446
6150
5937
2753
2753
7890
1772
4339
8790
6867
3431
9264
3581
7614
9378
5995
9681
5728
7641
4020
3069
6870
6848
7452
9427
9937
7525
2177
6869
3321
5669
2856
8175
4488
3982
2507
9271
1131
8374
6048
6822
7423
4679
3786
8543
9729
7703
6293
4513
6326
4477
8247
7014
7353
6117
4994
6869
4852
8793
9058
9925
7970
6355
5926
4372
8804
2157
6189
3888
1385
8905
1816
8650
3833
6361
5522
2679
9412
4303
7206
7291
1157
2718
5315
2554
7723
1940
3443
9683
7496
9683
1193
8599
5814
8684
9358
8766
2255
7383
6229
6890
2706
9614
2079
2027
3783
8230
4407
8559
4984
9454
4539
9829
3512
5134
1178
1587
3831
1681
3705
2555
1875
9546
3081
6984
7802
9475
1381
6515
4949
9540
6049
7017
5969
7212
1845
8080
5566
1154
9404
7587
5702
2926
3590
6555
8455
7528
6224
9284
5853
4946
8346
6641
1756
7807
8251
2292
6039
4626
9415
7547
8973
2871
6401
7541
9309
7864
7008
9070
1073
7066
9539
1177
1711
7218
9090
5945
5194
1298
9886
4733
7038
3039
8701
1531
7265
6487
5334
5302
3833
1033
3838
5489
2539
5276
1553
8278
1526
7048
3536
1812
1371
1008
6157
3680
7991
7033
1305
1648
1709
3263
6197
6685
8624
1707
2575
7926
6914
3336
8379
7760
5712
9739
9432
9533
8380
9449
8587
6452
2084
9599
5525
8775
3974
9097
9699
4445
9085
6081
2465
4738
6208
3448
4428
7373
1494
3596
1406
6932
4496
7593
1404
5530
3264
2689
9092
6642
7263
1346
4802
5019
6082
6752
4512
1895
3713
9187
1674
8673
3590
4950
2033
5822
4753
8844
7027
7337
2210
7868
5282
2927
7897
7920
8714
7087
3689
9526
1062
4690
6618
7755
3671
5445
4480
9478
6403
8282
1885
2820
8621
5118
2267
4142
8735
9894
5409
3963
1726
3203
6429
1548
1486
4126
8644
3589
5011
7848
7245
2639
7334
3311
9720
9590
3172
8986
3730
4416
2237
1440
7559
2264
4079
7335
1215
1955
5782
1457
3353
6790
1041
8245
4368
8767
1091
4011
2704
1175
1574
5920
7837
5655
8534
6815
2453
9435
7044
3502
9867
2450
4952
9708
1974
5352
4720
5683
5832
1327
9618
4503
6796
6354
5554
4701
1765
7186
5800
4033
9979
2395
2423
7109
3308
2926
4575
8025
7545
1996
3159
4966
4972
2864
8066
7464
7948
2086
9798
2744
6711
9362
4655
6024
8089
9660
6189
4863
4175
4399
2586
3541
1674
3399
5485
5007
2090
1641
5606
5199
9116
9457
1373
5650
8258
6998
6955
3954
1149
4788
4694
2618
3632
3949
2831
9742
6500
3967
2268
5628
3385
7121
5198
7738
8231
1788
3766
7670
6520
8439
5576
3839
6201
5151
2873
1781
5003
2152
1397
1984
6976
6088
6150
6179
3959
8600
8809
9087
2708
2124
6966
9844
8541
4102
3241
8767
3549
6597
5406
5257
1338
7861
4643
1945
1241
1972
6170
5513
4186
1742
1595
7981
6005
8880
6077
2835
6373
9286
4633
3973
9249
7941
9404
5721
9475
8072
5520
5975
3065
7764
5728
7186
6772
3075
2112
6098
2901
4658
7140
6558
5140
7125
9361
6018
8025
5170
3478
4949
7191
4835
9850
2096
3122
5183
1932
8643
4929
7910
5495
9861
7264
5666
4417
5039
9499
5529
9616
3182
6928
9085
2179
2408
3896
6086
1946
5189
9014
4469
3139
1813
2905
6527
4419
9168
7822
6821
9625
2013
1268
1993
9594
3724
7075
6791
4410
1524
5579
7842
4080
3281
2342
4050
6489
4824
3352
1209
7956
2172
8885
7266
3572
2563
8509
4781
8465
5239
2975
7552
5001
3334
9305
7438
1409
9136
8852
4998
4514
3163
4910
8201
4982
8187
7891
8803
8601
5951
1827
2335
5906
9416
5381
5734
4613
7356
3295
9724
8215
8013
4979
3977
9639
5573
6114
3063
1115
5683
9664
7610
6873
5964
3412
6078
4082
2765
3254
5993
3131
9798
7954
7065
9593
4739
2613
6611
7355
8950
8370
8978
7020
1122
3355
7920
7943
9267
7512
8438
2004
8329
1971
5604
7460
6615
9916
4411
6211
5569
3833
7061
1890
7316
2832
8812
6293
4751
9391
9917
2336
1274
6748
