3328
4789
4321
7745
4469
4951
2205
7488
7339
4535
5316
3791
6574
9686
7605
3457
7780
6639
7096
5600
4315
8662
5993
4333
8560
6491
1877
3854
6770
9769
5356
6711
9821
8196
3036
9298
2048
2139
8399
5983
8357
4320
5197
6198
2904
4922
6010
8730
5877
7594
6883
3764
2419
9338
8226
5838
7257
4329
2596
2688
6234
3140
8938
2582
9823
4359
7948
8588
9551
7239
3878
4383
2210
9673
4803
5980
7894
2550
5384
1626
7168
7023
7292
1683
9088
6603
2630
8754
5203
8299
4077
3112
8355
7724
8272
5271
4731
9424
8981
4607
