2085
2347
1264
3203
4680
5115
7728
1800
1753
2847
6193
1050
5832
5753
1338
1515
5074
7216
1484
1703
6535
3950
2756
4770
2736
9921
7453
7147
2666
1059
4368
3165
7496
8871
2959
9859
2412
4376
5175
1186
3239
8416
7263
8178
8551
3253
1933
4730
5096
8494
9956
1289
8479
7078
1341
8947
1717
1521
4342
7988
1803
2931
2806
8920
8377
8256
2914
2638
4292
3201
9110
2609
8264
9907
6835
9461
6175
8085
8388
5912
6279
1037
1420
9798
3835
5985
4522
7880
9759
6760
8825
3664
6544
1815
9042
1692
2361
7638
2204
6353
9483
1263
7408
4935
5588
3826
2256
6615
6318
4348
5283
9077
1763
3215
2385
4559
1515
7343
4230
7864
5536
7238
3418
2187
9407
6601
2951
7185
5637
5221
8662
9360
1089
2409
8756
4406
1121
1276
4952
4362
5496
2634
7126
5665
5323
5051
5829
9596
4113
5667
8340
7083
9082
5084
8752
5827
7479
3749
7209
9288
5489
1394
4187
7766
7784
7023
6689
1654
1168
7747
8625
2116
6013
3115
5311
9505
3288
5509
3901
3026
7058
1480
6685
3217
4930
7810
9926
3275
5562
9417
2305
4383
3939
4362
4658
1063
8749
3998
2733
3915
4594
7039
4856
1499
3754
7762
2537
5149
2761
8645
1679
2802
7405
5612
9177
3120
8126
4507
2448
2057
6387
3633
9273
8967
5933
2218
1970
7767
6450
3118
2928
6420
3169
8983
7679
7622
4073
1415
5889
3452
8831
8387
8564
8422
1384
6217
5440
1741
2380
9195
6195
5342
7774
7385
8316
6163
6082
5941
4189
9321
3790
8931
2031
4601
8204
5390
3420
2570
6794
6367
5259
8406
4485
7726
4584
6931
1959
6550
6142
2335
8987
2651
1055
8874
5339
3902
2272
6983
9676
2936
9448
5503
4801
7539
3298
5715
2099
3799
3599
1761
