2470
2808
5670
7017
8326
9093
8047
6674
4970
7040
9631
2436
9629
5454
2305
2707
5282
9797
5209
4056
5622
7693
9278
6205
3081
5376
2846
6365
6982
7085
6352
1726
5927
5251
5251
5119
3987
5540
7274
7120
1726
5522
6848
3236
7561
8841
5913
4983
4539
4740
7765
1127
7782
5522
7713
5058
4965
8709
1668
5206
7392
3139
8803
9059
8026
8231
6147
6604
5775
8210
3856
4891
5119
7097
6928
1535
4728
6716
2617
7805
3885
8395
1516
5942
7936
2544
6884
5669
3140
5550
7595
4676
6139
9511
6736
2030
3851
1741
1515
1744
2384
7081
2670
4451
1906
5138
6193
5765
9097
9385
8164
7411
5638
2821
4686
3960
5435
1285
9120
7741
3650
8096
4326
6298
3394
4886
2809
8470
9509
8047
4244
1876
2855
8397
1311
1487
5345
7527
4449
3903
7434
9041
5480
4208
3498
2466
9049
5034
2533
2512
6655
6564
3323
7914
4475
3858
7247
3826
4072
6723
5704
9673
8178
7237
4703
9100
9113
5669
3316
3615
4927
1053
6319
2335
5997
1867
4912
5317
2873
1694
9194
5621
2727
8217
7682
5448
7298
3313
2722
3568
6316
9278
4507
1408
6899
2792
7837
3680
7453
5059
9460
8241
9171
6014
5712
7529
3101
3188
2703
5980
7300
4813
9723
8313
5814
1231
7031
4845
1006
9659
4387
5654
8558
9394
3180
4814
9583
3257
6992
1050
3183
6951
8643
7098
3618
9035
7222
6686
3832
8003
5668
7490
9089
6030
8284
8940
8417
6453
8455
3434
4741
8551
8412
3616
9671
2264
3097
5142
4369
4848
1624
2036
5366
5042
3908
8738
2448
4126
5122
2336
1280
4224
5541
9578
1328
6608
6730
8930
5967
2918
1563
1320
6372
5105
7867
5074
7310
2185
7824
9058
7466
1624
9873
4261
2636
1538
7963
1419
4884
1612
6016
1920
5133
5407
8256
8984
1382
6944
2973
5693
3296
9276
6399
4961
9497
4869
3440
5844
3470
4519
1857
3186
5567
7424
7290
2495
4027
4333
3354
8632
8835
7270
7689
1763
2776
2945
8815
1331
2016
5859
8067
8065
7983
7201
4412
3024
1304
2984
8809
9576
7888
5320
4517
3682
5124
3501
7056
7499
9475
2399
5306
8074
3656
7137
6354
9460
5848
2744
9469
6922
5840
4275
9626
1138
9836
4379
7081
2893
3918
7213
5528
7177
7277
1790
2894
1647
2445
7204
3621
3779
4907
5969
6136
7155
8753
3930
6110
6783
6135
8760
2720
8640
8472
5430
2543
1524
5173
3077
7105
2930
1930
3695
4861
1387
2247
7188
5131
3789
7180
9177
6766
1337
4953
4455
8411
3343
5180
7750
9444
7049
3282
5278
1380
7886
2073
2229
7788
7698
9272
9891
7110
9863
4911
5636
8621
2970
2951
9485
5517
8699
2841
6911
2246
8761
7882
7313
1507
3167
8794
9103
1933
2789
6201
1610
7426
4738
8685
9981
5490
7701
9844
5503
4626
3150
7627
7433
4403
8003
3493
4056
1885
7059
4029
9318
3336
6800
5854
1217
6158
3136
8940
7516
3571
9282
2208
7263
4062
7307
3673
7784
