7330
8368
5457
6343
9149
9738
8823
7244
9312
4416
3054
9363
6128
1341
4141
2880
1556
3874
2409
2145
8136
3281
2002
4031
9877
4891
8160
8230
1247
5627
8372
6268
7116
5313
2271
7542
4003
8207
5693
7318
9269
6532
5203
5981
6224
1287
6628
4227
5215
9015
8522
1432
7010
4126
3966
8361
1861
3315
4262
1224
9178
8687
8619
8813
3907
8039
7886
4410
6857
2072
2358
4491
6345
3104
7711
6571
7163
8891
4325
2984
4651
8775
4436
3363
6131
8742
5683
2047
9307
6240
8374
3379
9353
9209
6301
6452
7100
6047
4838
3223
6601
8024
9570
9701
8910
7614
5040
5433
3491
7778
4805
2234
6637
4697
2317
4998
9925
4703
7730
5275
5989
4275
9743
8887
8451
6456
9659
5630
2503
9704
3062
3429
7214
3233
9475
3424
3811
4749
4931
9242
3250
1994
8775
6098
6305
2253
7749
2470
6398
9013
6111
2261
8080
4770
6205
1954
5614
7703
1496
5456
7565
5321
5428
4552
1883
6449
5214
8943
4641
5923
7453
5371
5988
4119
4785
4110
2557
9061
6893
5092
4730
3707
4793
1030
5089
6240
1927
1854
7978
7715
6908
4211
2012
4727
7533
2327
5916
9802
4157
9747
5864
4896
2473
9387
5466
9952
5099
5494
4450
1148
6918
6631
1555
8113
2789
1771
6429
5434
6211
9426
5648
3637
5212
9585
3608
4256
3568
5348
3924
4633
9883
7207
7488
8656
2261
3176
7784
5472
3377
6753
5989
8945
6684
9047
9151
4950
2045
7799
3454
3611
6495
6679
8038
2405
9448
2514
4677
3929
8355
2703
7216
6153
5215
9961
2000
7848
1676
1210
6130
5985
2993
3818
7790
1658
4728
8602
6394
4188
6760
4838
3850
3478
9245
2468
8688
5513
4911
5570
8469
3379
1115
6687
4103
5144
4141
4056
5270
2071
3083
9900
2165
8305
3016
4233
7292
8349
2784
2271
3686
3205
6747
6463
2827
7658
3233
7669
3288
2294
2979
3957
7700
1829
6820
3966
7636
2710
2481
4782
5869
6366
9788
1751
1432
6566
7849
7363
2427
2024
1314
1836
5592
5835
2850
4171
7825
3274
1731
3740
2339
9294
7321
7176
2652
9718
7726
1158
9581
2570
6512
9673
5277
3422
5178
5390
2335
2664
9916
1541
2182
6638
9599
6190
2595
3264
2957
2391
8965
4352
6006
5732
8629
1860
9372
6848
6468
3995
4326
7102
3857
1306
1509
8438
8531
4803
4608
4864
9559
1251
3217
5306
3971
1168
3118
9112
1421
5057
5677
1542
7582
1784
8492
6211
7376
8122
3568
9213
6685
3819
5927
9274
1914
1485
9721
1904
3636
9563
1944
6154
1164
9678
3769
6958
8928
1798
5340
2582
2277
9263
1638
2095
5740
9433
8320
4480
6838
2917
4620
2683
8384
2629
4019
7729
4597
2451
4282
6702
5920
2453
6145
3475
7001
1611
5597
1351
4655
8346
4176
1206
9914
7403
9737
3416
3985
1215
2525
3952
3480
3312
8647
1300
1723
9713
9927
3842
6516
4718
6759
1431
8698
6315
4797
7342
3861
3916
3446
7795
8261
8329
4683
1123
4096
7139
3372
3131
2328
6333
1793
4473
5893
2751
9602
1886
7556
8181
7362
6367
6971
6618
4300
6573
3938
1007
4436
3736
8963
6855
7762
7138
4942
4677
8052
7544
5988
8847
8186
6888
4425
4151
6434
1953
8914
5292
4415
7422
5921
9424
3966
3986
7831
8411
7576
2787
2397
8478
6930
3916
6607
3752
7804
8896
7436
7306
2992
4689
7072
6314
8790
7362
6606
5744
4244
5457
7192
7896
5053
8899
9408
9185
9807
6258
8409
7756
4814
5521
9797
3872
7418
3762
8756
2419
1234
4966
9792
1088
6460
4067
9918
1951
8789
4966
7037
1040
9482
7785
5128
5249
6536
4989
2578
9679
4857
4555
8151
6874
6183
1522
5076
2106
8879
2770
9285
5801
2788
2665
3537
4022
9877
5132
3620
2141
7818
2238
5107
9349
3820
3364
4083
4771
9357
1949
3727
5079
6800
5918
9188
5733
5384
8599
4588
6596
7536
5892
6924
6594
8298
9221
4393
5374
6823
3177
2850
8572
5805
1308
6818
3381
7511
2335
2329
5029
9093
4999
9511
5087
4039
1300
1626
7371
6540
2632
4192
3774
2366
1651
6349
1324
7920
2783
5244
9576
4183
7595
8103
3148
2583
3303
4853
4133
3529
7073
2018
3805
4640
6238
5904
9927
9328
6103
4423
5854
8320
9448
5107
7835
7621
2884
4781
6728
7034
7356
5940
6350
2862
6192
9073
4159
3218
5071
7879
7999
8540
8301
7475
7619
7614
7398
8834
2077
7369
3550
6679
3976
8206
7525
3176
7573
3634
7610
6818
2711
4689
2931
1584
7828
9970
9003
4201
4202
2625
3517
5266
7966
9859
2433
5749
3514
6957
4143
1170
4277
3167
2296
9933
7023
8075
8018
1335
4207
5745
4424
9920
2528
4662
9046
7041
6673
9320
4124
8502
4832
5212
8578
1669
6920
9763
5969
5563
6437
8966
5751
3778
3826
8018
9020
8621
1765
1798
1703
5379
6643
4831
7122
3666
2580
8964
9645
5512
4281
4474
8100
4216
6146
3882
9664
1646
8046
3314
2642
3826
9519
6350
7561
1795
6335
5534
1600
3571
8977
3728
2829
5160
9883
4047
4206
4547
6238
5720
8249
5366
8161
7058
8049
3857
7342
1074
3046
5045
7603
1402
6388
7021
8708
2380
4462
9637
4054
6413
8419
3214
1057
6471
3777
5168
7153
6276
2297
6023
6422
2049
8138
6407
8875
3255
3606
7630
5885
4002
5684
7818
3380
5076
2314
1097
9015
7626
5811
5075
2226
8552
7296
6224
5834
6147
4739
8050
2278
1272
4181
1451
4188
8957
5405
5411
8374
2719
1576
6504
2053
2512
4641
8555
6955
2454
9448
8303
4939
5399
7843
6714
4913
3251
7254
2870
2595
2778
4693
5420
2803
2872
8341
1630
6886
2963
7180
8025
5416
7417
5587
2446
4666
1352
4363
8183
3022
9239
9236
4846
4224
2206
3721
3146
5322
2065
2381
5335
2793
6710
1421
5499
9273
6975
4355
9348
7396
7258
8650
6365
7004
6528
2962
6912
7743
1781
8658
3399
5381
6489
5381
1406
4286
5673
8600
8528
7906
3552
2912
4231
5366
2844
4961
6722
6955
1425
7777
7641
5690
1265
7174
1074
9845
4487
5108
5058
2426
8795
6390
3575
4931
5066
4419
4188
4179
7378
2474
1263
7877
3255
7730
9104
1794
2359
1968
5370
8697
3067
1185
8626
6000
9042
5810
9336
9626
8660
6432
5145
7109
3806
9328
6177
5624
8335
5631
5285
1126
6548
3642
6784
4879
8517
5279
2616
8879
5938
7270
6821
9736
6396
7608
1145
7584
7732
9559
1681
6208
9657
3034
1536
8890
6509
2399
9364
7435
5551
3448
6184
6044
8531
6547
9291
1501
6063
5881
6411
6217
1839
9284
2801
9172
2747
2327
7017
5430
9531
3582
5187
8413
4419
2520
3754
2102
8210
2570
5139
9880
3185
3245
5756
8066
6234
7996
8487
6474
5548
1073
7450
9699
7640
5951
6075
4613
1407
7909
6334
2578
6416
4970
3018
3558
1377
8321
3288
4073
9183
1359
4171
6885
3863
9586
5431
4903
9135
9868
7204
4318
7760
4000
4687
6263
3569
7365
4331
6325
2601
5787
3617
7895
2891
8249
4242
1134
5245
2727
6354
1379
4905
1495
9672
1176
6240
8081
2972
5880
1718
9157
9267
9338
1038
2371
1016
5716
2379
8872
6658
2510
8519
9365
2718
8399
2271
7643
3989
2579
3690
7507
3687
3877
2721
6986
1961
6266
5714
8472
2323
9839
8793
4153
4643
4481
2549
6557
4061
1128
4803
7769
7024
1025
6878
4078
6104
2187
1445
4942
6113
4474
5815
9348
1414
3475
1048
4294
8229
2176
3281
9908
2421
3895
8146
3268
2492
1492
4607
5974
4120
8088
9525
1850
3956
8567
5042
5158
2297
9652
1478
7508
7804
6299
5646
1698
5063
8820
9844
7208
9869
2056
4941
8883
8112
8019
8443
4540
6295
4729
9536
5468
9846
7107
4973
7642
3791
6673
7829
1817
8662
8801
6189
3992
2958
2379
6955
7477
3254
9654
5748
8079
4939
8887
5065
6135
5382
1294
9885
7218
5760
1414
1134
8046
5601
2598
3839
2265
2774
9944
4741
4154
4916
5443
7060
1020
9223
8229
5658
6143
4085
1302
5906
1308
4718
2806
4828
1900
9400
5717
9472
3761
8628
3344
7918
1197
7384
1181
2582
1721
2469
2032
8640
6892
9583
4101
7004
2805
5058
1957
8374
4409
6922
2648
8843
7679
8023
5864
3874
9561
1844
4810
9009
5939
6866
6514
3007
3897
8131
2768
9989
3623
4635
2501
6154
2878
9864
6214
4389
4083
7581
2199
9537
2976
9480
4932
8108
9511
3331
1607
7906
3373
9475
9260
9027
5219
7081
8015
1434
9453
2375
9969
7992
9375
9600
3214
5088
9930
9162
4493
6030
7082
2056
5953
5489
8808
9348
1682
1099
4673
4534
8942
9273
7463
8072
5765
7816
7881
1034
1148
9140
3118
4669
3495
4932
1957
1177
8008
1361
8621
3767
8565
2103
3575
8456
3959
2538
2253
4858
7300
8596
1541
1775
7878
3366
1133
1971
6125
4088
9333
1379
6680
9390
3004
7562
7216
7169
4733
1017
7407
5233
2880
4334
1983
7635
6354
3330
5506
6889
7897
3683
6987
1329
1982
2523
4148
8859
2458
7747
7678
8076
8422
2622
1637
1870
5833
3460
4901
2293
6510
1832
3470
7247
5642
9549
1977
3560
6964
8628
2349
7045
9158
4940
3030
7097
2741
8804
9516
3738
6856
8902
9344
6272
7088
5649
9687
5276
4861
3976
9794
9137
4945
2344
1383
5760
6594
3778
8923
7421
9801
7456
6583
3825
8464
6034
8116
9281
9099
4214
9323
1676
1010
8817
1067
2439
8309
4640
7841
3996
6235
4408
5099
1662
3941
3922
2106
9173
3153
9010
5423
2903
3858
2592
8745
7104
1283
8606
5986
9366
6887
7510
1599
7288
5985
4192
5366
8047
1231
5994
2635
6115
2222
3000
9329
7841
3884
3523
8417
1913
9889
9199
8203
1244
8874
1315
8679
3878
2579
1829
4930
8122
3583
4177
1756
1268
7280
4460
9799
8916
1848
3347
3891
5853
8257
8506
2200
3376
9289
8486
8742
8356
9371
2365
8597
3237
9757
7881
6103
7319
3756
3219
1050
3841
4343
9208
3129
9894
1474
6332
9553
8816
3671
6068
1528
4870
8197
5965
4132
3371
2022
5250
9428
2233
8140
5971
5532
8378
6464
9552
8420
8107
1653
2623
8361
4652
4483
3885
3879
3379
5004
8213
3642
9943
5938
7612
2477
1813
6455
2826
9465
9868
3384
5150
9705
2748
6482
3564
8704
4135
1853
5724
1126
9279
5421
3933
7458
2088
2660
9040
9254
4185
1730
8253
9887
3061
1773
4154
8431
7818
5846
1776
3263
1024
9586
5251
6850
2959
6900
7005
4951
6580
1918
2879
7151
1996
3288
5915
3991
3596
4067
2709
6114
9287
5668
6644
3763
7910
4251
7309
9728
4986
7353
1695
6667
9379
7489
7374
8761
5547
1398
3166
9192
5486
5770
1322
7823
1373
4109
2063
4586
6156
4738
2018
6456
5289
7876
6835
5756
7242
1224
3976
1873
9760
8899
5071
5217
1997
2392
7440
8025
8649
2798
4845
5686
8018
4236
9268
9510
6732
8347
1479
1979
4170
5493
6569
5165
2259
9590
3881
1474
3711
7451
6351
7267
9490
5255
1256
1335
1404
7778
1620
6067
3874
1459
1219
8284
8173
6470
2365
8559
9813
5571
2061
9397
9589
7115
1439
1175
9664
1528
1524
1963
8153
9000
1629
4913
4137
7311
8959
3241
5267
8890
4774
6640
2408
8621
3243
9209
5733
5347
9313
9031
3790
7353
5660
4920
3670
8815
9377
9539
2537
7819
9430
5730
8153
1667
8605
8367
3926
2250
3259
3361
1074
1056
1763
3751
7300
7876
8566
9993
3281
2922
6383
4393
5436
2330
4079
6136
5152
3201
8777
1901
3473
6040
3161
3902
5999
4113
3141
2535
1533
5180
4373
9844
5907
3010
5608
5048
5053
9376
7494
3965
1075
5136
5541
4185
8814
2496
2817
6951
1757
3143
3877
9622
8667
2171
8666
9960
5237
6336
9314
2082
4343
5763
7739
1970
8527
7193
9816
2494
5842
4736
3798
2402
3642
1344
3532
1035
3055
1193
3406
7059
4811
3869
5272
6500
6791
7271
2127
2560
4228
9223
4532
9587
5526
2915
5178
8404
2826
9591
6958
6008
8067
4261
9554
2087
2424
1257
9295
1387
6796
9067
6934
3637
7037
3561
8528
7756
5503
7569
4828
5400
4397
8550
2098
8400
2728
1962
6638
7335
6415
2064
7201
3809
8548
8471
2093
5649
4718
1607
8214
2474
3244
5774
3724
6507
1121
7964
7486
8784
1834
1346
2037
7055
4778
6829
6865
5027
8247
5091
7696
7747
2868
3969
1370
7099
6412
7126
9297
6544
2445
8265
3263
1071
9935
3376
3772
9335
5441
7911
2333
2588
1217
2239
3369
7278
2203
1969
5684
1426
4982
1127
9417
3484
9545
7650
3349
8251
6066
2331
2664
4590
2739
8399
5711
7268
4892
6702
6320
1189
6444
4570
9555
6851
6464
4454
2116
3843
6768
3755
9065
2317
7447
2907
6462
4446
8121
7596
8909
4673
3431
8485
9232
5905
4721
8841
9466
7423
5466
4363
5194
3092
8964
4030
7471
1575
5438
1539
5128
8781
5363
4870
2472
7290
8278
7552
6555
8127
4538
2026
3714
5286
9927
3484
2229
1549
1056
5448
5654
2279
5759
3952
9218
6213
2069
1115
4868
3084
5237
2595
8586
1561
3976
6441
4622
8835
4582
1756
6971
4565
1725
1967
8454
6491
1527
8865
4352
1531
1519
9882
1519
9466
6823
5912
6431
6763
7819
4409
3279
3654
9122
3795
9010
5110
9879
5752
5270
2457
8399
7683
5841
4407
3464
6189
7209
6249
2806
8745
2852
6064
7900
8922
8928
3564
9563
8582
4591
1590
6045
8248
8255
1524
5719
1066
2656
1764
1072
4472
4361
2478
7572
4867
2707
8321
1317
6224
5668
3185
8242
4617
5381
3516
6176
3620
3888
5364
9933
1991
5190
2307
2929
7359
8972
1153
7353
4949
3549
7983
7095
4188
7451
2802
2211
3310
8956
8138
1930
4429
8692
4450
5204
1058
4211
9082
6473
1378
1113
6317
2125
8254
3636
8920
5740
1682
2887
7207
3403
1812
7259
6765
9010
3451
5819
8334
4570
1831
4918
5072
5699
3371
9545
4872
5739
5535
3478
4488
4467
8528
8610
4937
7569
3911
3669
9013
7895
1750
8112
6396
3769
1802
6653
8039
1502
4523
5600
1908
8290
6538
8241
6555
4456
6135
8135
3357
5243
4202
8371
5471
1880
8216
7499
5124
3577
1742
7500
2084
6672
8393
3526
7034
7072
4604
9738
5158
5660
1049
1169
8803
2189
5088
5797
2363
5392
6946
6647
8929
5691
7114
9333
2286
3976
9221
2775
4321
2066
6103
4071
9739
5274
9591
8569
3437
3665
7035
5782
4780
1694
9846
3988
9599
7293
9814
6246
7925
8930
3881
6813
2951
8734
1967
5098
6195
6901
6917
1803
8573
6392
8567
2663
4978
1567
3895
9156
6044
6904
4801
9269
1383
8492
9806
1782
6853
5491
4986
8952
2423
8896
1808
5351
4719
9452
3947
3822
8284
3172
3103
9286
4445
4534
6633
7010
7772
2014
2789
9826
2102
5055
6575
6561
4294
6644
8337
4819
6395
6676
7188
4443
7300
5576
8493
1593
6842
9731
5978
4014
3325
1541
4126
8156
9239
9434
8404
9025
2962
9128
7477
1780
4049
9171
4196
8155
8504
5983
7583
2904
2932
4247
9423
2735
8955
3227
6344
1492
4946
6677
3817
3400
8178
7333
6165
7857
3513
2400
4784
8979
4579
4361
8422
5012
1864
3219
6971
8881
5612
8394
3844
3507
3400
5434
7973
5490
4642
5107
3382
8912
9590
6538
8377
8449
6375
5740
2919
6651
2190
4727
2275
2373
9277
5031
4606
5264
7317
6810
9781
3218
2019
4530
5651
9457
8239
3319
8396
5720
7856
9105
2003
4804
3880
3326
2365
8486
3343
5647
9123
6207
4270
5028
6009
3132
5145
1069
8912
7711
1555
9340
8759
1405
3622
1105
8411
6686
9459
1543
5033
9900
7338
1480
1503
9961
9302
9036
4949
7521
9741
9694
7455
1641
3514
2046
1374
3507
3498
8296
6844
2167
5433
6559
1266
6824
1052
2918
8157
7789
1852
5979
5577
6881
4243
8915
1536
2276
6786
7958
5527
4244
3890
9556
6986
9668
7747
6160
7029
9599
1074
1827
5479
6356
2626
6676
4165
4756
6902
9426
7613
4488
5960
9009
4047
9262
6000
3349
2882
7630
2220
3102
7603
5542
8324
7229
4184
5161
9329
2765
4220
6025
2181
8947
2497
5883
2317
7319
1594
6057
5796
5453
6265
9561
5685
6305
2528
4730
6265
3141
3244
4458
9616
6602
5738
1799
5573
3757
7461
5768
7357
4460
9958
4151
3986
1010
9896
4745
3890
6170
2586
2709
5629
2794
5538
1882
4986
3176
4636
6191
9874
7427
2652
6049
7444
3499
1007
4102
3097
4609
2846
9157
2707
4254
6379
6441
9330
6737
4407
8555
6632
6026
6311
7198
6813
8429
3158
3306
9171
8005
4866
6853
8112
6746
5686
6902
8540
1628
9536
5866
8609
5799
4573
1359
3034
6970
4989
3358
3248
8202
8559
9116
1052
5527
9378
4657
3290
4581
1949
6751
4377
7289
1894
2579
1125
8961
7289
3755
7672
2694
1641
2255
3094
2835
8549
1939
3827
6180
3880
2704
9855
5158
7035
8891
8360
3020
3536
2271
6466
7843
6019
1553
6566
4482
9708
8215
6766
5962
9802
6015
5567
8931
1477
9340
6059
1662
9246
1049
2322
5663
5809
2935
4440
1579
8147
8660
9327
1123
5966
9959
7834
3822
8805
7995
7642
7165
9667
8992
5122
7686
4067
5372
5934
5466
8338
2107
9092
6085
3493
8674
5587
7998
8886
1298
3311
4460
1046
4998
5758
4261
2562
2922
3586
7044
9870
6587
9703
8024
6361
3168
2783
7977
1016
3905
5681
5650
8662
6257
2992
9772
8181
3749
6068
1001
2916
2410
6543
9408
9739
4968
8287
5631
1740
5406
6081
6986
5097
3254
6769
9123
8162
4056
5979
2207
6771
2087
5541
4419
1575
3962
4149
7760
8678
8142
6388
9664
4107
7802
5559
4176
5221
7119
3851
8803
1417
4383
4147
4718
3032
8729
5879
6390
9694
4975
9992
3416
4454
7094
3543
1862
7065
4229
8654
4172
5033
2618
1159
3838
6328
9640
1038
7899
8264
2418
1539
7645
7723
4548
5955
9479
4342
7391
2516
2133
4871
9769
7498
2613
1609
3000
1287
4489
8770
2356
5227
1138
5984
3910
6041
4621
2671
1041
6846
9244
3305
5099
4446
8127
6437
1902
3367
5239
1868
1312
5789
7094
8754
2890
2794
3015
1575
9804
4066
2766
8740
4454
2213
6361
7594
3996
5702
6972
5162
8634
6030
1629
3434
4847
1740
6938
6515
7177
3595
1884
2602
9344
4741
3970
9319
8371
1095
3850
5025
6530
7662
6080
2434
9307
7546
6712
6394
3594
3253
4147
1846
3882
9102
9637
7459
9476
5888
4475
7082
8569
2085
1356
6002
8386
4538
4426
2559
5270
4012
5822
4620
8820
7739
5786
3624
1913
5839
1895
5611
1962
8976
9229
1475
6226
3406
4478
5825
1409
1422
7026
3244
3484
1051
5714
5005
4068
7545
5654
1128
9877
9197
7655
3840
2864
3434
7698
7138
5956
1500
6322
9344
3252
4134
9183
1928
1228
4345
4258
5036
5160
6345
3149
5594
7753
6266
2084
4673
1145
3984
9855
2120
8571
8620
1485
4263
3785
1162
1880
9017
9741
8956
8120
7448
2348
9398
6766
5025
9544
9860
2914
3276
1391
3385
4793
3591
6333
6966
3834
7481
9381
4840
6749
1445
2476
8113
7778
6858
3123
4886
3177
2924
6939
8889
6816
7271
7685
1630
8809
6536
6112
6767
6534
5499
3473
3765
3315
3915
6536
3022
2503
7633
9805
4582
7449
9090
9794
7359
4257
4376
8352
9851
2964
3775
2663
2018
4059
6777
8979
9282
8476
9015
6692
8320
9701
1823
6861
8274
8933
6021
9394
3352
8804
7559
4509
8866
3896
5671
5090
8245
6936
1635
3371
3973
9929
1152
6665
6046
3954
2569
7719
6782
6303
4779
8414
6182
7459
7500
9412
5308
9986
4844
6751
3978
3598
3978
9205
8041
5319
5272
1608
7381
4890
2388
1228
4749
4545
1729
3931
3737
3424
9290
2956
9594
3486
6799
9426
1119
9407
9094
7648
8877
6219
3552
8630
2925
8896
9707
1225
8118
3447
6316
8834
1605
5193
2021
7993
2061
1290
8957
9764
6063
6762
5263
4442
5181
8642
3044
2706
1595
5557
4771
6393
6878
2447
4098
1032
1046
4927
1996
8361
4831
5575
3670
1347
4973
6275
5732
5851
5543
1461
6194
6154
7475
2855
4524
6594
4774
9372
1937
1321
6683
9105
6720
3227
3052
6591
3751
2402
5046
8386
8642
1414
4689
2559
8844
5381
3665
1484
7169
1333
2076
6601
8391
5640
8194
9600
9725
5751
6347
9604
5838
6842
2528
7549
9059
3561
2323
6640
1234
8259
9836
7340
5291
7643
6349
1360
8073
8058
8433
1142
3179
9956
1548
9895
7515
2601
1887
2699
4986
7797
5697
8770
2519
9097
6300
1676
4201
8267
9329
9562
1745
2338
8078
1896
5041
1701
1974
8650
4547
8067
2549
5043
8239
7149
4777
4540
4674
8372
6570
5940
9514
1755
2238
1974
5034
1615
1532
4033
6462
5547
3606
8779
9436
7283
8754
7907
1636
4732
4263
7700
9947
5233
6633
1168
1246
3181
1869
4984
1801
2376
1124
9852
2286
7166
9356
3399
4183
4982
9540
4755
6449
1162
2608
3606
2905
9534
3451
5892
8921
7567
3306
8299
8533
7439
5057
1775
7467
9348
1101
5978
4050
4251
5065
3864
2162
5129
7942
4403
5562
7150
1100
8474
2611
2461
9726
5966
6840
9028
1966
4209
5567
1720
8898
1842
7067
9059
6153
3895
9805
2283
3930
8090
8979
2377
3430
6602
3503
4795
7728
5957
4970
5128
3278
6690
3342
9937
7383
2510
9872
1144
4614
1906
7052
2531
8582
3300
7184
5991
8074
5601
3212
5976
8348
4229
2876
8631
6420
1090
3139
6336
9293
4388
1265
9926
8481
1030
6010
2071
3121
6633
6859
3820
9612
7225
9366
1338
3740
7063
4353
3357
3330
9697
6330
7463
5342
4399
9917
3693
7064
7169
4472
9021
1680
5023
8842
3559
2506
6008
9792
3058
9844
1667
7992
7292
2274
1534
4111
1421
1154
6241
5702
9662
3665
4397
8544
5798
2760
9645
4042
4689
6236
9652
9357
2280
3917
2272
4084
4883
1626
4000
7830
4865
3334
3599
1360
6611
8900
9285
5811
2078
3586
2246
7634
2716
9880
9312
7226
5716
7407
1377
8442
9536
9087
9451
1515
5585
8723
3246
9926
8362
9836
7413
6670
5172
8593
7949
7689
1260
2271
4640
4448
5197
3026
2301
6150
7043
7912
8750
3595
1504
3318
4887
4310
4980
1267
9365
3449
3793
5946
9596
1159
8535
4076
2839
3729
7459
4522
9520
7959
3558
4552
3820
6879
1557
8748
7382
8582
7478
3110
2409
1447
9868
9010
9830
2388
4573
3721
9329
6043
5793
6116
4145
9244
8068
6265
5678
3238
2330
6358
1644
9250
7448
7354
9920
6257
3616
7127
2993
9938
7392
3232
1102
1168
4514
2422
9910
2229
6388
6176
9044
4053
2201
3834
7480
7526
1072
8438
1805
2042
8194
7148
3089
7672
5944
5705
8039
6634
7273
4272
5908
4250
1531
7832
2242
9604
3495
1557
7629
8885
3076
7819
5575
9625
1945
1847
6548
1581
6692
8122
3926
5590
7987
8346
2424
9926
8170
8636
4404
3990
1797
5865
8238
2801
1812
5251
2898
1692
1848
1566
3559
4880
8884
8172
7264
1414
1958
7289
5223
1379
1305
2359
9956
6713
2835
9417
8516
9823
6821
8144
5564
1368
4824
9018
4510
3194
1818
4544
7830
7963
1909
3747
3198
5501
2996
4014
3994
9623
4802
6148
6714
5489
2107
7435
3974
2737
2585
8491
8707
8346
1901
7222
6550
5506
7204
9767
9058
6279
1003
1432
5195
2857
2682
1137
2324
4655
4271
6633
1830
2903
2769
8777
1706
1963
3598
4303
6366
3918
8159
3339
4749
4409
6477
9321
4994
9571
1885
4016
6033
5861
4051
8405
9142
8695
2496
6911
5766
3427
2134
3042
9403
5503
1142
5135
2134
9503
9144
8074
3960
3479
4049
1278
5299
9580
3770
4305
1104
3789
8141
8430
6467
9441
8386
2924
6316
5145
1517
9642
6758
4555
4235
1650
7730
2856
7030
3033
3154
9042
1609
9821
1698
4318
7125
6692
2048
5061
9777
6704
4600
8286
8162
2242
2745
7213
2656
7485
9871
2718
1693
1738
3330
8205
6982
5856
3740
3022
4789
3312
8106
4011
8736
4978
7230
7786
9352
9856
8022
9447
4393
3146
1874
3064
4322
8308
3572
8579
1207
1146
8146
4240
1063
6974
5250
8984
6943
5351
2837
3998
2801
9833
4816
1198
8744
9134
9436
4622
5338
8586
4201
1321
2529
3576
6893
4060
6997
4493
9802
5593
6863
7057
2094
7689
5332
5620
9855
9795
5570
4270
7669
9908
1371
6413
2035
4428
2084
4638
2088
4864
5924
8389
7840
3492
7717
5924
5882
5928
6003
6992
6405
2666
6199
4001
3626
3885
4634
1207
8956
3302
7879
1788
4520
4704
1009
8886
8064
6059
6328
2439
6890
3827
1581
8540
7108
5546
8055
7857
8056
9625
6002
6927
3756
3148
2998
9860
2450
6840
4711
1516
2924
4019
3981
1118
3700
3931
4098
1869
6196
9308
5917
9367
8211
4430
4302
7989
2933
9893
7801
1623
6527
7348
6285
9519
5889
6353
5293
3763
3327
4451
9267
9472
9314
5803
1257
5748
8650
7052
1525
7982
3499
6497
6724
3734
4586
2307
1135
8528
6829
7437
5252
5993
4499
4594
8558
1146
3099
4567
7332
1234
3361
4962
6873
7090
8859
2861
5313
6411
8783
3706
3142
1289
6544
8226
9248
9890
9333
1501
6121
1662
3569
8315
4748
8958
1257
2855
7430
7271
4106
5822
7246
3471
7098
7593
8807
7128
6734
9633
3121
5956
4987
5539
4467
9622
4886
7871
8798
9744
7112
1709
5865
5663
2194
4528
6167
5142
6457
7112
5030
9612
9171
8482
9450
2427
9020
7139
7952
2349
1292
6254
7059
5429
5243
9365
5051
1510
2508
3987
6793
7532
9468
9294
4624
9302
9602
2153
4725
4378
7997
6844
1818
4749
4341
5003
3159
9709
3863
6671
4449
9923
9122
3300
9745
1101
4311
1768
2525
6277
9295
2090
1565
7304
2099
5897
5669
9551
4347
6174
6579
5160
1234
8189
1367
7291
4371
9090
9629
2104
7601
1959
2368
9833
6951
5476
5847
8465
3709
1228
2824
6776
6921
5803
2212
9280
2110
4201
3479
9775
1570
3958
6716
5783
1191
7987
6666
8416
5928
6027
7275
1779
1355
4631
9141
6938
1347
4929
9838
5403
8724
2767
4987
3067
8590
2662
6722
7140
3461
2628
6429
3817
6530
8271
8453
7517
4597
3091
2967
4135
7575
2557
8005
6785
5350
1418
9975
9021
5551
9300
7237
6220
5426
1008
9602
3603
2828
2376
2784
6936
3913
4871
5698
5199
1755
3127
6333
8768
6162
7083
8832
2330
7609
9218
8066
1542
3761
1607
2451
4996
9416
5277
9399
4985
3991
7059
5884
1826
5808
8637
1857
2864
6669
2074
4391
1328
2611
3291
1365
3277
1789
7174
3184
4011
8705
5414
3025
5747
3963
4356
5487
3807
4913
6904
8517
8224
1975
5495
2546
9003
2091
2406
1578
9735
9065
7158
1422
4165
2080
7318
9913
3724
7094
8523
9939
7379
3196
1010
3264
6675
6778
9527
3822
2779
1412
6272
3889
3734
2341
8933
5178
1493
2830
5209
4525
8924
4864
8580
1860
8624
6324
9493
9187
4369
1466
4886
7937
2944
1185
4958
4071
4391
6172
9769
3075
1054
2325
1304
7168
9239
3877
7205
4714
5025
1555
8235
6197
2252
9620
9156
7589
5629
5240
9189
1060
9052
1776
9299
3340
5410
8913
2959
3213
4329
5267
4876
1762
5347
1758
7544
7008
7167
6358
5642
7088
3491
7070
2707
5006
8142
2192
9545
1078
4447
1529
1315
2152
3936
3799
2654
7668
7340
5149
7382
5609
7783
6743
1232
1190
8260
2872
1023
6028
1924
6817
2969
6198
5984
2336
3881
5080
7272
4542
1183
6114
6930
7330
3263
4047
7303
1838
5891
6648
5364
5195
5119
1002
5277
1756
7770
8281
8216
6138
7703
9445
9427
9075
6928
2670
1477
5866
1815
7977
6900
8783
6283
3890
4758
6891
4794
2554
4087
1436
9212
5328
4029
6212
2351
3329
9430
7041
4851
7169
8394
2403
2245
1154
5716
9290
5012
5494
2290
2786
1028
3262
7671
1973
8230
8857
3723
1273
6948
4896
2927
3556
9261
2087
9604
8247
4965
9778
1650
8840
6134
9512
8907
6400
4008
5120
8212
3600
4337
2742
3139
7231
7033
7318
3735
6305
2797
3445
3623
9206
4051
9017
2127
7265
9865
7064
5290
3558
6972
9455
6249
5958
5677
4823
9931
2490
7365
6202
5850
1087
1063
2040
3745
8702
4405
8142
7150
5039
6768
6848
2461
2441
3952
4629
8554
6153
9170
6512
4983
6162
5114
6541
7736
8801
2481
3076
6731
3142
2180
5466
7149
3740
9967
2254
5527
7950
5143
5649
2985
9980
5030
9915
9075
4003
3945
4588
6161
2315
1220
5190
8924
6750
7618
5344
2876
1991
7313
1850
4083
5166
7230
5641
5603
7679
2384
7540
9302
9557
4734
5802
4278
9148
4325
4045
5374
7445
5807
7655
1940
4286
6943
8374
3403
6724
2177
3059
1303
9178
5237
4420
9020
8821
5295
6731
7432
9878
9748
5047
1694
2792
9328
5274
9142
9722
1760
5605
5251
5765
7497
3224
9833
4685
1104
1613
2995
3159
3989
8660
7710
2569
6838
6709
2536
3274
6840
5640
7461
9371
4682
5694
7540
3955
9153
1140
6097
6753
5187
1461
5803
8897
1793
5082
7837
4001
5129
6966
5413
1646
1269
8053
5915
9002
4165
1247
7368
8020
6360
3718
1258
7708
9703
2392
2311
6145
5446
5068
4411
3175
4409
3196
6529
9030
1644
5709
8423
7946
1133
4769
8463
6691
2467
5437
4343
8452
7430
5933
6885
9209
1026
4062
7537
1946
7528
9403
1740
5062
7124
7932
4488
2517
7433
7636
2121
1761
3253
3967
8911
3766
3363
6035
3942
3645
9724
1909
9897
7476
2378
1799
5840
8408
3535
4892
4029
9711
8464
8582
1576
9292
7964
4147
8373
6138
8908
2641
3004
4200
5350
9030
1344
2674
9355
7329
7177
8973
3469
5115
2407
2028
3993
5936
3653
1066
7321
4306
9547
2831
7372
3001
9969
9487
6259
5508
6071
1316
1271
3218
8786
3996
8889
7218
6076
8838
5335
2733
3772
5322
3391
8140
5767
7509
6197
4661
9925
7232
4879
6397
2101
9483
1392
8598
1029
4386
9152
2539
8022
8849
4980
8166
1036
3577
7003
1456
3264
9568
9413
6642
3074
7052
4657
2723
2378
1958
9060
6445
8302
9223
5637
2425
2819
4573
1173
6876
4638
8862
7683
6206
3186
5872
5102
8771
1604
6311
6119
5603
2178
9753
3955
7694
9804
9434
8191
9026
9509
3481
3220
6122
2391
4453
8240
3219
5868
6253
9857
6194
9272
9715
1395
9320
4642
8168
1853
4890
5904
6001
4943
4007
1075
7279
8397
1172
2891
2269
9938
2854
9071
5596
8428
9449
3397
6061
7112
2916
9345
3255
6307
2696
4625
1275
3803
9884
8398
9779
5720
1131
4527
2235
2761
7029
1433
9659
1269
9375
1162
5568
7477
5675
9563
9142
4541
7411
2710
1805
6267
2133
9095
6248
3268
4222
3299
2486
6739
9238
5172
5554
9424
9265
2082
6954
6096
4258
9453
5931
1657
3850
3215
6367
9585
5984
7173
9347
5401
9749
1616
2354
2289
2463
5915
6909
1771
3430
5358
9574
1050
4892
8519
4215
8397
1593
1253
5941
7171
1258
5540
9095
7552
2111
7586
5296
5434
9052
1673
4706
3924
3864
1833
8290
7527
8223
2018
3126
1846
9880
6866
2849
7231
9468
1487
7752
3087
7948
7324
7679
7534
2267
6787
6892
9803
9757
6233
6897
5087
4364
3621
9029
6874
1701
3476
8267
9973
8969
2804
6700
4726
7289
7090
1808
3819
8888
3554
3426
3100
4907
5290
8562
4402
3185
4937
6067
1583
2234
9701
7880
8740
6843
6207
5464
7172
9353
7179
1540
8653
2516
7229
8714
3994
6254
3133
1136
9927
3711
6677
5105
5880
6357
9246
8783
7100
8115
5840
2616
5639
4723
4319
6859
9428
8241
1213
8524
6766
1235
9133
8998
9322
7257
3994
8278
5125
9832
5486
6866
9820
5609
5238
2011
3712
1572
9007
9697
4050
5311
7654
2000
4794
8264
8074
9741
5702
3440
4915
2598
8375
9580
2705
9879
5728
3732
3036
7768
5341
9842
2949
8253
8903
5645
7437
8072
8132
5496
7690
8877
1070
1857
7260
6333
9264
6840
2496
4964
7733
7154
3881
2763
6067
8839
5380
4959
8754
7030
4173
7948
7234
9658
3340
8247
7177
6508
5211
9898
3196
9021
3324
4769
7755
2941
1302
4382
4214
7334
9871
8568
7952
6131
2675
5160
5644
5201
6510
5589
3293
7762
4630
4444
1010
5233
3274
4878
1171
7315
6184
9888
5080
7497
5286
3778
1357
4050
8985
2515
8631
8278
5945
2555
9861
6992
9267
4137
3246
9650
5178
8061
3231
4862
8736
8465
3484
7691
9262
6901
8249
9487
8282
1044
6747
1757
7827
8839
6893
4278
5934
2663
3783
1938
1837
9233
1596
7735
6845
1349
4471
9877
8209
6287
9713
1885
8466
4935
4082
5925
7449
3823
8314
9701
1949
8224
9598
3135
9750
2031
8314
9128
1941
8178
3948
7193
8758
7545
4431
3573
7194
2071
5468
4685
6122
6630
3889
7511
6982
7688
7601
8192
1357
3524
6707
6558
5862
1516
3985
4843
8135
1915
9464
9662
6462
6715
7177
8000
9512
4274
3759
5535
6666
6395
7213
2043
5465
4382
6172
5527
7330
5570
6323
2345
7316
8492
3497
4126
3075
7047
4732
5384
3327
6336
4129
3060
1081
2273
5249
2476
9473
4930
6836
7708
6528
2051
3814
8128
5039
1543
1513
6152
6586
9589
5781
1978
2687
3795
3664
8112
8030
8674
1505
1989
6069
3669
2829
9796
7869
3261
9145
2327
4010
4031
7164
1646
2947
1750
3908
7168
9885
8981
3731
7052
4455
7323
4688
1140
9534
7781
2359
6523
8616
7476
7007
5426
3640
8549
4068
8049
9331
1832
7126
1607
2609
1924
6830
5815
4393
1877
7613
8662
4060
2056
8804
4088
6206
9466
7366
7984
1476
8731
3953
6795
8149
7820
5019
1249
7382
7301
4285
6675
4556
4799
9593
2672
5032
3496
8131
5013
1472
3366
2306
5245
2099
8878
1263
9222
4388
5838
9694
2220
7800
4417
7009
6994
5283
3061
1199
1875
9793
9313
9521
5482
3629
1648
8573
5530
6999
5014
1467
4789
3011
4218
8582
4894
1794
2960
2075
2851
5900
2015
7413
6551
1505
3091
7482
2352
4035
8454
8071
5046
9203
3552
7231
3752
7901
3454
5087
5606
9655
2424
5790
6024
2448
6537
2592
9867
8101
6469
8636
1363
9658
2032
1041
9164
9878
1090
8532
2550
2612
6717
9540
8951
4395
8269
6119
8145
3191
4348
7756
6964
3331
8676
2607
4756
7867
6802
7530
6117
3839
3688
1748
3585
7488
3651
5017
7182
3754
4708
8161
3990
6502
7473
2345
1719
2393
1352
8097
9381
3173
6698
8820
4986
9877
3571
1549
7917
4818
6554
4545
4716
7533
3464
2750
5782
2715
3716
6131
4542
6541
4629
8910
5020
1444
3403
2964
6219
6766
8962
5292
4138
5205
1690
2950
9266
2878
1867
3360
7987
1222
9673
7937
5960
2863
3794
2959
7829
2563
9650
6767
4665
9920
8230
5403
8700
3845
1085
7843
5746
4212
5325
7886
5432
1046
2067
3251
4887
9895
2721
5422
6153
5693
9453
6892
4320
8060
5094
2514
4714
4173
4626
9210
1614
4850
4603
2775
8098
1416
7969
8180
6723
5415
2999
2020
1020
8434
4582
8148
4071
6784
3821
8565
4497
1576
6332
6291
8234
6256
8942
6695
9567
8424
8304
4629
1497
1528
3891
6398
3768
9340
3033
2844
5275
3098
4513
8606
3330
3155
4558
8917
9303
2037
7812
5238
8238
3622
9876
2817
6967
1996
1695
4810
5051
7096
4583
1260
5408
3363
2905
7908
6106
6150
4645
5161
5864
8618
2221
5589
4804
8673
5944
8560
9053
7041
2252
9338
1866
4033
4554
7148
8766
9988
2886
1996
2721
9442
7313
2343
8837
6134
3775
8169
6853
4397
1696
5236
1602
5530
4773
4977
7654
5164
7137
8539
6086
9585
1708
9047
2227
2959
5210
3156
7561
1980
6384
9281
4072
2548
6548
7939
4199
5892
2762
8849
9357
1874
2333
7780
6452
2096
9466
9861
5909
2264
6851
8351
6869
5327
1161
1701
8120
9784
2220
3919
2946
6165
9061
9729
8287
2679
8661
6539
1372
5570
5798
1422
5929
3043
2596
9689
4423
6838
4060
7130
6787
7284
8838
6245
1108
2089
6381
4289
4265
6114
2608
4311
4690
6992
2749
8913
2523
7725
5136
9847
9034
2958
1027
7085
3796
5639
7599
3069
6527
3001
9319
1025
6771
8157
8800
6816
9125
9203
1461
2685
6132
9384
1015
6568
2952
9197
7345
8962
7383
3685
6815
2058
8662
5038
6470
5992
8708
2145
2312
8569
3904
3463
3002
9850
9213
5107
7838
9532
3322
7237
4197
4217
1688
6522
5261
4750
7596
4534
1266
4399
8851
1334
3906
9807
7181
9485
4722
9626
5604
9528
7868
4532
7210
8524
8982
9049
2956
5163
7577
3182
6296
4216
7038
7196
5211
4784
8611
6723
4312
1573
5060
9456
2217
8417
3648
3018
4289
3172
8849
3792
2965
6297
5787
1767
3447
9859
3769
4318
3272
2989
1269
9088
7674
2517
6024
3191
5273
6268
1328
9788
6425
1265
8773
7101
1117
9792
2989
3267
2700
3776
6888
1122
3198
4839
5402
2151
6914
5358
6625
7151
7314
9557
8491
5353
7686
6064
7967
9340
3976
8235
2469
7035
5878
7441
7012
6113
6748
2129
8673
4253
2623
6569
5904
6389
6133
3101
6322
8040
8923
8292
6532
3235
8702
6397
3535
3241
9925
1012
1584
7699
6570
1368
4619
8968
3517
5278
7642
7347
3747
7487
8520
2409
1753
3424
4869
8819
4009
4854
6546
2835
3414
5692
7163
8315
2560
5173
4019
5793
5430
4960
9321
6263
9262
6046
8406
9322
4550
3616
8022
4452
2280
7236
4440
5631
2325
2273
6262
5990
4734
1618
7175
5707
7549
1446
2176
3019
9059
4582
1801
2530
5388
4375
1498
8357
2232
7934
4189
4840
2349
9963
6465
5502
7879
4515
8847
6887
9612
9046
8699
3980
6750
3525
7846
7332
5178
6008
3971
2483
8968
9271
9742
2157
4599
9452
7573
3161
1934
6991
6459
6302
5587
3665
5220
1115
1631
7039
2778
8524
9184
7836
8265
4883
1832
9352
8722
1818
4827
9732
4149
1519
8875
6467
7967
2993
8513
5298
8212
3184
8588
9732
9819
5455
3740
6426
5876
1477
6922
2345
3714
7270
1594
2876
2328
8657
9835
7719
6860
8806
6385
4466
6960
1246
4091
7523
2617
9221
2751
1923
1145
9932
6250
9444
3111
3890
7221
7926
4302
4863
9714
4914
3183
1804
6881
4718
7075
3396
1401
7744
3481
5398
6893
5110
9479
5624
4292
6278
5403
5989
8214
4112
4524
3710
1356
4454
3597
4421
6266
8567
1832
7469
9168
8862
7712
4984
2415
3058
1808
5960
7063
7529
8301
8591
9302
7137
2708
6512
5774
9349
1647
2054
7190
5020
9144
2043
2408
6170
2701
3286
8913
4186
4295
2465
7590
7251
3535
9922
6461
7923
8471
9114
8700
5884
1923
8834
7195
8929
2615
2926
1669
1525
6949
4292
7690
6686
8717
7455
7574
6476
7683
5427
7954
4351
4440
8012
4526
4227
5019
1376
2245
3455
9589
2975
9767
7697
5469
4964
6721
1648
3893
8326
3444
3685
6180
7513
1785
9434
7446
1614
3332
2382
6326
4309
2081
5314
8042
6117
2343
3531
7640
4426
4493
6782
7134
1033
5857
1349
7039
8786
3368
6460
7371
8499
4072
6154
2489
4671
4154
6971
1647
2518
6729
4724
1587
1590
5298
3799
9929
9673
3657
3301
5895
9382
9560
6703
2138
4577
9667
4686
5329
1291
1528
1883
9066
5348
3616
7815
5439
6341
7010
1914
7545
4949
9531
6420
8474
4127
8801
8944
1599
6116
9140
3947
2501
8451
8901
9620
9505
8122
9249
9289
4505
2519
8494
3327
9881
2797
2056
5896
2225
4657
6069
2562
1477
5830
5510
3230
7855
8429
4567
2917
7915
7582
2072
6127
4899
6019
9068
3079
9954
8453
4521
8715
5365
5357
7956
5154
1915
5316
1786
5017
1986
8741
4922
3445
8005
4837
9538
4640
9414
4482
6569
9892
5136
7482
5471
3115
1586
7184
7549
5560
4643
2816
7658
1176
2808
6183
9770
7545
1763
6834
3296
2988
9246
5207
2479
1841
3667
9160
4052
5113
9702
4312
5074
4455
3618
9908
2947
8716
1809
8319
3181
6000
2097
5581
7928
5533
9040
6759
4304
8009
7498
8800
9676
2944
5357
3868
5829
2736
1277
2448
6319
7870
8944
2374
1119
6551
3430
2427
4974
7481
8697
7862
4854
3906
1053
6091
6214
4542
2185
5129
2627
4583
8793
4705
1924
8568
8118
6655
8759
7638
8321
7605
5483
7942
5166
7064
7674
5099
1404
4073
2360
2498
5029
2751
6668
7253
4278
3741
3195
4896
2434
3582
9099
1312
1365
1681
2850
2393
1129
2304
4624
9843
2974
4303
8128
2739
7357
7865
4367
4162
7648
3734
2664
8730
4227
4941
6277
6437
8128
2449
7689
8382
8613
5565
3568
6367
6124
3075
3229
4525
1206
1318
9253
3302
6769
9589
7580
5764
4696
3860
8293
4260
3477
3867
9127
3160
9115
6651
1936
1628
3650
3801
5626
6598
9108
7776
1658
9239
7785
9152
6475
8372
4099
7233
1051
2181
1095
1658
4893
8007
1797
2411
4582
7124
3360
3020
5577
4724
6563
2442
4626
6309
2208
1383
2438
2297
8586
8259
1163
9572
3231
2222
4798
6188
4837
9556
3863
2106
3234
3859
8445
8851
1587
8068
9063
7774
7869
6113
1634
1209
6379
7645
3245
5767
2591
3786
3561
3514
3890
7443
2979
3683
3349
7168
5070
6084
2419
8893
7129
8921
4536
3354
7030
4891
6635
3499
1979
3372
9987
5151
8108
5624
8981
2137
1164
5841
2666
3190
7728
3962
1282
4813
7491
6434
7603
5712
7928
8128
7365
9888
8429
3325
7914
2038
2853
6025
6263
4941
8187
6977
7134
1986
1138
9806
9542
9252
9191
8194
2934
7586
5016
6839
8324
2178
4148
6261
9978
4699
6271
9224
5604
2594
5984
9501
2053
7087
4104
2489
7161
6813
3263
1117
7622
9831
4751
1153
9406
2135
5765
2951
3788
4573
5136
8123
9051
7568
8229
5311
3271
6882
9101
2626
5072
2306
7028
4569
1737
3458
3569
9091
6642
9214
7347
3283
4693
7363
8601
9381
6306
9920
7216
5250
1751
7443
8444
9336
4430
1295
3627
2838
8686
2184
1775
3312
2589
7041
4606
5278
3156
1737
6458
3650
7443
4097
8208
6699
6611
9632
3321
9403
9202
1576
8434
2419
4321
8723
3672
7908
2980
8588
6569
7741
9031
1856
5009
5028
9145
7545
9895
1493
5044
3645
4895
7683
9466
1084
8970
4309
6624
3561
7536
3161
6879
6373
6899
7771
2803
2503
6701
5828
8763
4382
1597
8031
7331
9907
4400
3353
7478
9727
6804
7778
4764
2546
8163
4156
1155
2226
3469
3847
2557
9227
7896
9684
1822
6744
4809
5186
7328
8700
9298
3696
1446
2401
4829
4250
1826
6192
3764
3532
1486
7295
7682
8300
8313
8521
6989
5441
7858
7495
1692
8250
3613
2190
5013
5162
1869
5367
9262
8876
3510
2361
7244
3637
2903
4697
2092
6534
6836
8025
6043
1337
1918
8488
7456
4131
7302
4713
7068
7732
2792
5822
8600
7879
8845
3958
4563
3027
5320
7751
2409
6333
5601
4054
1660
1410
1205
5069
1747
4162
6256
1653
8559
8511
6796
5517
5870
4711
9588
5400
1045
8575
7818
3010
1568
3462
9920
9808
1303
8903
2455
4371
3121
4253
5716
8473
4705
6942
5475
7491
5644
7845
7078
7827
3949
5974
7458
1553
5789
9667
1658
1303
8995
8736
9458
7877
6620
9726
3498
5041
6737
8732
2313
5004
5714
9092
7270
2404
3078
2330
8227
7233
8148
4926
7753
2192
2663
2853
5575
2182
9141
2124
9773
2130
1421
3147
6774
7517
6838
5394
7026
2634
3600
9548
2363
8014
5317
4740
7430
7334
1744
6657
5506
1385
5552
1920
4268
6197
1790
9100
9369
8771
6289
4235
6026
3725
4844
3968
9958
4959
8069
5697
2743
6623
6240
9128
1094
1924
7174
5374
5259
5089
9979
4129
3504
1174
2090
3517
7163
8319
8216
9919
8769
2557
4548
2768
7964
9303
5229
4408
7982
9204
2905
2578
2335
4201
3182
8833
2211
8996
6277
8865
1326
2851
1864
4630
3694
2188
5757
5065
6479
2411
8971
6111
1666
9296
4676
8623
9422
1593
1477
7778
3289
9970
2312
2140
9543
1714
8564
9203
6331
3253
2479
8204
2698
4540
1757
7325
9616
9101
6619
5945
3615
1559
8641
6329
8568
2113
4298
4612
2119
3881
6018
3009
1426
7910
3212
6688
9696
5592
9545
4878
2379
9504
3735
8821
4816
3625
2416
7252
5824
5235
4376
9119
2131
5547
7988
4655
7711
6957
2033
5947
3788
5542
1223
4780
8481
7137
8590
7969
3737
9389
9484
1482
5665
6640
5898
9074
6911
6783
7271
2208
7474
6525
9400
2577
1434
6613
4938
5307
2322
3018
8432
3529
2815
6073
7613
5152
9745
7402
7330
7032
4936
8006
5338
9162
7849
5901
4139
1284
7152
7595
3438
9366
4506
5550
2308
9411
9799
3064
9266
3958
1820
9246
3341
3939
4157
4994
9718
2511
8180
9219
4143
3993
1231
7368
8592
5357
9333
1494
7005
4006
1152
3578
1485
2327
4670
3104
4689
8309
3704
4804
7066
3098
1836
6745
7524
8591
9753
6252
9576
1289
9230
8222
8526
4790
1246
9872
4518
5849
3654
4622
9132
4682
8060
4809
3939
5578
5794
5750
8644
9889
6923
6978
4378
5804
3080
5170
1211
5355
2181
8789
3461
8861
4628
9966
8897
9892
1233
6230
1870
9855
7144
3736
8414
1851
7887
5015
4985
7446
7800
4934
8916
9229
3112
3393
9283
5227
3289
6747
3374
2699
4650
5412
7765
6481
4246
4967
5380
6163
6674
3782
3948
4619
5765
2984
8373
3165
7420
1916
1740
8515
7766
5574
7192
2390
9750
8029
8551
9047
9820
9320
6827
4874
4320
9649
5472
9272
1646
3738
8824
9735
9474
1657
4240
7969
6671
9684
6673
5682
6569
5488
2733
9856
6454
3219
9108
3348
6862
3458
6705
4057
6855
9799
4688
3130
8244
3508
6086
3442
5879
5793
4541
4225
3505
9450
3952
5269
5449
2032
9946
1597
9275
2957
9193
7623
9017
9202
3371
4066
6218
6411
4618
5244
2854
3488
8302
7505
6607
1165
3361
1238
8707
4529
2129
2773
3850
9431
6135
9199
9730
3949
6406
8732
4072
1288
3905
2162
8970
6925
4697
2416
4168
5492
4775
1806
4474
9205
2744
2523
8553
6305
8381
8351
6421
5829
9487
3312
2759
5262
9558
5274
2084
7943
4921
7734
2583
5739
6838
5970
3674
4186
9129
3698
5192
3075
8304
1904
1241
8089
6618
8642
4455
6813
3572
7896
2866
6022
8131
9987
3786
9689
5931
3999
4987
3153
9910
4695
8442
5395
9173
9810
1011
3644
1555
6181
8295
9685
4472
4057
5110
5734
7273
2533
1947
6919
1450
1262
1628
2918
6906
9667
3062
9818
4103
7617
7003
5354
9033
8536
4190
7836
4093
4182
2670
3347
3547
3118
5490
6381
6857
4888
1489
8080
7239
9560
6583
6609
4743
1008
4387
2974
4289
6965
6938
9090
6549
9877
3382
9309
2266
8493
8916
4763
5999
6672
7097
2047
9738
7524
7941
1589
9026
9407
4898
3838
4441
2972
2334
6288
8962
3117
4847
2905
9684
2505
9564
2193
2444
7570
7908
9276
3688
7851
8338
9733
5102
8018
6787
8683
7779
2019
6041
8792
7836
4516
5161
2358
7540
1370
1388
5346
7346
7343
8006
9669
6699
7682
9739
7110
3209
7158
8529
9581
8345
1564
7166
2139
9376
3859
5468
6423
1859
6196
8792
7812
1473
3840
2351
9030
5420
7749
4250
9371
7079
6259
8348
9630
4381
3557
3697
1359
8103
4801
2060
5192
5856
7438
7362
9834
7370
2858
7791
1510
2377
3047
1849
8395
3490
9092
2320
1189
6058
3561
5090
9632
9482
7170
1914
2910
9817
5489
3225
6126
9421
5423
9597
3740
8194
7097
9968
4627
1995
9800
9994
6209
9565
6096
5064
3916
2544
6364
5924
6660
5694
6629
3554
4769
2647
8313
5123
7780
3087
9799
5135
1095
1836
7172
3399
2030
8064
8007
4430
8888
5754
9967
2551
7005
8080
6450
9745
9841
8168
1757
4924
8153
1413
3154
9332
2364
7639
5384
9842
2736
4878
4205
3451
2662
7727
8851
9687
5454
6917
1332
2997
1253
2889
7077
8311
1979
1766
1543
2507
6420
6572
7121
5976
6356
9211
1224
8124
3772
4420
9646
8365
7821
9782
6831
7377
2663
1204
6571
8223
9993
7809
1672
7024
7745
5399
6795
7692
4818
5848
1670
9062
6644
1101
6608
1292
7329
3416
7953
1313
6022
6826
3727
2296
4586
5977
4203
8953
1723
4572
7076
1498
4260
1138
3849
8838
6376
3443
7896
3067
6562
7797
4553
7004
9809
6937
4766
6876
9394
6468
6839
6335
2488
3613
5724
1268
4997
9803
2194
4056
9252
9865
8547
7515
6728
5194
8152
1186
9996
2450
9027
2321
9025
5588
1082
6978
9160
9802
6982
4259
6244
4070
7584
3380
5733
9129
6032
9121
6471
3164
2405
2436
8534
9095
7049
3732
7901
6885
9032
6976
8568
6056
7210
7020
1962
9917
7483
9284
1389
1542
5905
5434
1619
3654
5530
9598
9625
3319
3705
4204
3855
5478
8379
7666
3134
2901
7119
8926
3600
1472
7218
7192
7414
2514
2126
2602
7037
7399
1300
6854
1300
1175
1076
2353
5636
1315
9532
6929
8975
6772
6691
4690
3172
7795
1104
7029
4244
4538
5211
3943
8410
1300
6354
6499
7131
3366
9884
5779
3590
4730
2234
7322
9847
6979
1862
2885
8234
8153
2776
6548
5268
2042
8913
4068
8866
6301
2889
9350
1995
2927
6975
3677
3591
9806
1886
5410
9475
6656
9838
8146
5297
9202
7233
4647
7825
4210
6518
7316
9112
7905
7969
4373
9722
1986
1387
9386
2309
5214
3737
7956
8198
3388
7577
3824
3912
4246
6464
8659
2630
3524
4748
5512
2171
9311
1569
2170
8738
5323
1165
7505
9297
1924
3160
3259
5906
8192
1901
2858
1138
3736
4457
9411
5504
3476
6944
1020
6173
8976
5277
1365
5482
2566
2223
7397
2734
3642
8782
6407
7477
1889
4486
9100
5429
4093
5079
4453
7396
5466
5597
1537
8351
4299
6802
8020
3801
4961
3323
2973
1522
4795
1111
2534
6053
4309
9624
4774
2715
2232
5000
8239
4610
7083
4200
6379
7184
2775
6654
8324
6698
6308
7088
6392
8774
8627
4665
5077
7306
3981
8765
3931
3217
4807
9470
8301
8768
4640
2991
6779
8384
9074
2229
8492
1848
2109
9994
9846
7740
5074
5528
8432
8092
8036
1756
1265
3193
6342
8053
1995
2404
9394
7675
6747
1064
6949
4684
6678
5672
7842
1207
3852
9941
5485
2524
7898
7608
9413
4826
1993
7272
1921
8788
9136
9152
7456
4882
4388
9987
7401
1870
4091
4746
6958
8627
1903
5932
3137
1882
7558
4056
1388
2435
7569
6286
2721
2899
3407
6507
9722
7372
7135
8013
5398
4624
3954
6792
4347
7125
6235
3021
4012
9640
4285
2814
9907
1720
5369
1293
2981
5944
9882
1326
9548
4671
7738
7086
7233
1743
5112
2299
9912
1308
5321
6642
6389
2322
2720
6621
2560
3292
1532
5686
1727
1713
7954
6084
2112
1259
3883
4196
7109
3230
3553
2820
1259
9075
8179
6944
7310
5346
1408
8179
7706
5477
3601
3957
9967
7055
9928
7786
5612
1566
6075
2693
4704
1107
3590
7925
9600
4158
6361
1715
6316
9139
1604
2689
8611
9528
5144
9959
9285
2719
1587
7317
1478
8820
3230
8670
5487
3489
8286
7630
4189
7471
2731
3273
3086
6648
7197
5171
1145
4301
2379
5549
6039
2478
7127
8701
3839
8338
2286
8930
4612
3505
8438
9306
6983
7890
9247
3884
3628
9127
5466
6626
7669
9010
2906
7876
4077
9888
4351
7149
2142
6412
8760
9037
7506
5669
4168
4574
7303
2756
6045
1279
3717
8499
1979
1811
8990
9554
4099
2797
9271
1926
1428
5080
5703
4105
4225
3807
9500
1949
9635
4560
3839
2261
9707
9978
4820
8542
6247
3578
8767
3187
6790
8504
6623
8665
1529
9547
6299
2479
2760
6854
7649
9271
2639
1397
8648
2412
6753
2306
7075
6975
3833
3959
7650
3996
2432
7077
4412
6998
6501
5409
2655
2633
1283
1041
3937
3521
2694
8748
7970
7998
9598
1216
6022
4122
2295
7076
8074
6428
8654
9602
1257
4121
7142
7454
1609
4368
1031
2998
5202
2546
4385
3611
5059
3768
4042
7232
2966
3401
6890
2018
3881
9213
5376
9835
6981
6478
1941
5116
7484
2024
9557
5061
1271
5881
6235
7345
7074
5027
3530
7435
3087
6297
4269
1963
6922
5650
9031
4327
4569
1971
6558
4678
2360
1193
4616
5612
7218
6197
1625
4813
9437
3980
6191
5071
2739
2219
1167
2848
7520
7008
4764
2878
2370
6788
5027
2255
1017
4879
4756
3033
3301
5394
2487
9318
3557
7871
2545
7905
5802
6944
1185
4633
4658
3644
4441
9213
8937
3876
5703
9949
3268
1416
4373
4760
3924
4673
9806
3233
8659
5350
8467
5540
5477
6871
1690
7005
3261
3268
6911
9038
5281
9332
7350
8843
8517
3417
5868
7910
2609
2584
5613
5296
3685
7098
5991
2660
6247
3545
7809
4546
8777
6364
6252
7001
4656
5930
4491
9390
1723
6623
8376
3327
4093
6835
2571
4150
5441
4733
3759
6690
6775
7700
7978
7337
2207
7278
8076
5321
7279
6426
8259
4132
4581
1260
4878
2267
1795
4099
9185
2318
8224
6856
9756
9131
7553
5049
7390
9252
5935
1662
1803
7425
1957
1486
9280
2048
4947
2187
2012
8130
4808
4418
7118
8757
8819
7371
5082
5846
2066
6933
3903
3006
3874
5079
6810
1977
9368
5903
9880
2193
2288
9668
2148
1920
2311
1961
5444
6446
9278
6505
2533
2437
6552
2655
3690
1461
9470
9371
1507
8385
4909
4391
5197
9564
2248
8817
7150
6393
4173
8649
8496
3319
6403
3857
5558
4958
8633
4933
2702
4034
7282
8097
6546
3868
6774
1388
1942
9501
2922
6653
8862
2625
1667
1345
2485
7081
4591
7543
2341
4761
5703
6983
7674
6139
3494
6933
4890
6535
6650
1703
4489
8302
1838
7457
3099
3700
3512
4544
8813
3168
6346
2000
5727
5715
9362
1433
1697
6550
5987
6667
8242
6857
4035
9834
2137
4881
9455
9136
5189
6343
7351
7101
5868
7718
1653
1667
8772
1729
4210
3695
7181
6849
3388
3131
7248
9835
6906
8665
7089
6998
3898
2416
1248
7968
6025
3932
8801
2359
9537
3686
5473
4401
2261
9704
6352
2083
9456
8234
8812
6855
6325
9953
1444
7018
2074
4389
6453
4754
3429
9731
9384
4607
5709
7208
7871
9545
9288
7270
8093
5478
7519
2689
9820
5017
5603
4698
5008
1115
8821
3959
7135
6911
4822
3155
5242
7665
3619
9594
5068
6608
3056
2139
6991
9743
6368
7530
7873
7977
1648
5204
9952
2469
7888
2051
7655
4178
5071
3700
5613
4924
6390
4009
2497
2087
5485
3832
2701
9570
4893
1649
2282
8111
2463
2980
4435
8657
2290
1330
2175
1795
7248
6041
6022
3547
5706
2987
7012
1577
9890
7590
9395
6541
4254
3567
3548
5281
8456
7090
2826
7818
8116
2546
3431
4665
6282
7538
5418
4742
5063
3089
1827
7170
4331
3343
4177
8441
5675
4595
8729
1967
7756
8080
5829
9142
4532
1253
4757
4151
1912
1765
2667
6724
7366
8670
2680
2064
9885
6810
9929
6103
3219
4776
4544
7903
9476
1293
2628
1600
2341
9573
9494
1484
2260
8520
1763
9687
3771
9194
3693
3906
9376
9728
5339
3359
4106
3908
3637
3738
6921
3682
6200
1882
7399
8217
4166
6319
5931
3462
7212
9736
5800
7127
7451
7390
2147
2000
4901
6480
8126
2897
7137
5781
6079
8779
2227
1083
8830
5423
5436
6539
4140
2938
6620
4344
1453
8610
4354
5140
3298
8154
6613
5019
2543
8510
4312
4020
2067
3057
9022
8948
7266
8967
9682
2295
3071
8284
7360
3393
7456
9315
3980
8834
7708
9968
5477
7927
9098
5588
1989
7458
5398
2965
1243
9376
8277
9074
5835
2823
8450
7941
9681
2719
6249
3471
7593
5946
9118
3814
1812
7501
9802
2239
4112
8918
3448
2465
9526
2328
7522
6838
3187
7888
4996
5199
9148
2867
1616
8060
6596
4657
6112
8050
9803
7705
2477
5595
2458
6468
7280
3270
5365
2666
3954
4381
7804
6548
1480
1584
3823
7438
4523
6466
9980
5117
9605
3814
2988
6098
1258
3423
7944
7535
5146
7562
4524
8432
8455
3631
6835
9239
3613
5781
5853
6957
8556
8708
9159
6508
8956
3652
7730
8859
3444
2724
3936
8402
1623
7412
4646
2193
8705
4987
7821
1704
1437
3301
3004
6907
3744
1107
9540
6999
8986
7366
9319
5382
7952
4968
2059
3965
5311
3586
8779
9976
9012
1634
8139
1704
8293
9882
2409
5784
2443
5676
3575
5405
9569
3704
2017
2651
4932
5134
6197
1981
4949
5549
9311
9843
1728
8610
1892
7665
1850
9360
5688
6991
9132
5418
6598
3498
8410
9269
4487
5405
9377
1485
3580
6516
2801
7338
6438
7673
4641
6604
2912
4997
8776
7579
1768
5497
4313
7078
6369
6387
9150
3468
8236
6609
4291
4884
3550
5385
8192
4381
4556
1355
3575
2290
1080
4841
1279
7980
3933
3316
7972
4409
7496
1373
5444
4098
7195
5579
6331
7405
2219
9751
4506
6355
4844
5616
7160
6430
1043
6514
6356
8735
7439
8061
3451
4163
6056
6136
6911
1220
8841
3887
3677
8607
3749
4751
7570
3774
6629
5118
3917
5174
4624
3177
5555
2568
6020
9850
3769
5504
5878
8087
1210
1360
3971
2562
8068
2974
9062
4727
9506
7215
4198
5980
2160
5623
9325
9753
2189
4548
1068
4938
9459
7931
9102
3957
6535
2111
8642
6833
1805
8098
9798
2066
8961
5109
2157
2642
2468
5015
1407
7620
1805
2146
4108
2930
6814
5895
6827
9959
9639
6324
6954
7555
3589
4898
5684
7277
1000
5061
8307
9230
5318
7706
9739
6493
1157
7939
7261
2240
5025
3390
3074
9523
7923
9718
8081
8875
2083
7335
6341
6224
6806
8144
4378
4503
1721
6285
3414
6640
6627
5125
5384
6112
5928
1895
5575
6243
1314
8373
8356
3196
1417
9124
7141
9125
8180
2724
3319
6468
9243
2933
6975
6110
7964
9713
7789
9616
3942
9272
6717
8678
6343
9041
5019
5079
1084
8346
8354
7760
3004
7383
9307
8222
8320
2880
8718
7463
9930
5785
5110
7953
8064
5360
1782
3094
1147
3893
4803
8345
8641
9032
4358
9213
8505
2712
2649
8028
1678
8142
2370
5489
6726
6691
5228
1298
1359
8112
7482
5135
7963
8547
1527
9718
6081
3073
4530
3159
6129
8756
9004
3626
3263
5728
5186
3462
7424
4659
5287
2451
9131
3420
8973
6290
8063
1072
7966
4150
6990
9680
7560
4210
6507
9555
4181
6903
3739
6480
7079
6223
2830
9104
6387
5394
4779
8167
4764
2598
3261
9401
3932
8511
4430
2151
4620
5896
7438
8906
4861
8754
4037
4951
5106
7009
6659
3018
6097
1692
3263
3394
4992
8651
9748
7137
9137
7060
6605
2389
4047
7777
6122
7525
7118
2011
8319
3817
6453
9798
5032
1720
4529
7194
7348
9909
2579
6843
5887
2096
9217
1409
2799
3864
1956
4956
8644
7757
5388
9489
6973
8687
4270
7300
3950
9369
5721
5488
7847
8248
1834
4039
9413
2787
4280
2771
3179
9300
9275
2000
1350
5616
4584
6532
1669
8591
5599
5164
4696
3435
1266
3436
8968
8545
7484
2883
1885
7111
3074
4739
7765
1785
8692
3477
9263
7692
4090
6218
7247
4139
4211
6388
1464
7613
8444
9185
4869
8043
3560
6443
6944
7336
3744
9603
5295
3188
9567
5906
1874
7827
7092
9473
4846
1459
1732
5674
7521
9781
1757
1019
9787
7976
8271
4407
7501
3110
5844
1020
5104
8867
8103
4476
9330
8243
1297
2210
1145
3032
1783
5945
8675
9378
8656
7049
5959
3938
6669
3423
1408
5059
1914
1924
9142
3519
4261
6398
1496
3766
1304
9738
8249
8343
8344
1601
3392
8923
3919
7682
3763
8881
2935
3227
9336
5932
6987
2987
8479
8573
2179
7653
3540
1296
9283
2115
7679
4479
9302
5949
3661
5754
6915
6986
8895
5582
9978
2307
6999
3582
7834
1098
2296
3184
8446
5696
3162
4131
1936
2271
8445
6373
4008
2529
2580
7840
5124
9624
2842
6479
7767
3892
1091
5608
5068
1811
7457
6086
1656
4672
3700
8385
5970
3762
8429
5405
9053
4583
4590
3058
6439
1378
8524
2719
8706
1286
4165
7253
1401
3493
9056
3109
4873
8196
7917
2508
8474
5961
1478
2899
8433
9590
8928
9135
5795
6476
6685
6786
1266
9514
8392
3746
7578
1232
3589
9617
8117
7270
6843
4894
8839
6414
9611
5983
2045
9206
3400
8922
4740
6631
6503
8085
1575
