6666
4038
3652
7712
9225
4422
7030
8322
8774
2058
4706
6193
3454
8776
5459
6897
9406
8369
3548
7741
3643
6303
5680
6250
1354
9789
8999
4924
8409
2371
3113
3444
4334
6366
8469
1947
4974
2569
4187
7006
7960
5029
8458
4223
6268
9883
1412
4109
8672
6700
8018
3293
7469
9018
9015
6735
2608
5911
6646
4371
5935
2373
7126
8685
7442
1802
5247
3607
7590
9678
8362
9553
4681
3611
2650
3703
4507
9109
2310
5803
4379
8706
7481
7056
6054
1024
8472
3100
1302
2888
3952
1321
9544
5628
3990
3774
5345
6165
4618
3454
4481
8683
2735
7428
8026
8462
8281
6124
6884
6728
1079
4844
3002
9555
1224
5774
8328
3557
2072
5835
4249
3654
4604
9719
2801
1799
7354
3530
1095
7726
1730
4005
7286
9755
2438
6783
4788
2489
1895
6628
8536
5887
7977
7796
3330
5536
5086
4492
9301
5788
6152
2694
5522
4695
7268
9658
9815
7591
3944
5021
9589
6704
5269
6172
2354
7716
4482
2923
5170
3689
5884
4449
7721
1624
2038
9647
4799
4334
2864
6980
6894
9871
3110
1179
5333
7793
5858
2943
3958
8680
3287
1804
1845
8666
9534
7355
8651
4726
8828
8438
5383
6961
6922
1349
1023
4461
5608
1429
3156
4297
2487
5939
6622
6087
5157
2158
5606
9224
5501
6153
8316
6762
5374
2207
4565
9950
8562
3020
8896
3325
4842
2149
2443
3480
7279
2450
5508
3297
4124
5492
7628
9665
5890
8179
1943
2025
1029
3094
6706
3192
3798
2369
5186
7787
6670
6096
3561
7103
2444
3436
9604
2076
6010
5141
6974
6737
1242
4763
5973
4990
5075
7546
2966
1893
1656
6356
4597
7523
2675
8782
9141
3477
9305
9209
7863
2760
4047
5994
3128
2337
2340
8822
9709
4407
1827
8745
7661
8503
4479
7957
8981
5965
6388
5538
9929
8304
9421
8805
2061
7874
1901
2348
3740
1147
9083
6551
8400
8835
1269
3136
7393
9012
1061
3554
7263
1086
1359
4676
1254
1955
8574
5308
3356
9366
9323
4700
9183
7207
1704
9897
8188
4273
3423
2899
6879
8842
2520
5096
3617
5555
9068
4188
8311
1795
1304
8123
6323
7616
3216
5966
2276
7220
1912
7001
5582
9753
8106
9140
9843
6922
4052
9034
9400
6898
8979
4100
3244
2147
2290
2845
5892
8248
1007
5400
2098
1580
5195
8563
8210
6355
8112
6866
8085
1435
9872
3702
6986
3803
3337
5205
5530
5266
5522
4478
7309
3208
9302
4568
3247
7811
2540
7438
2930
2536
5275
3091
1739
3123
6033
4342
5198
9640
8559
7451
4288
8293
8475
2195
9839
6208
5189
9274
4823
5803
2916
4490
7627
6806
3475
1442
4920
1848
9115
2511
8773
4472
4134
1882
9224
2514
7577
1440
5515
6664
9119
6662
9622
2915
5937
7251
3493
7955
8151
6125
7929
6882
7683
8986
2270
1052
3367
5603
5961
8064
1062
8813
2176
4040
6687
3319
6782
1699
3184
1152
8721
2108
8789
7361
1350
8947
3159
4926
2293
1551
8175
1396
1062
9612
6419
3275
2863
1977
6885
9716
2390
5102
7006
4108
1458
6439
2117
5111
5233
8689
8894
7246
2720
7139
6211
9479
9549
5850
5834
5950
5460
2878
2574
9928
7186
7746
1495
9657
9467
4620
6930
3791
8655
9620
5080
5571
6220
2053
3744
3893
5893
7911
9838
5847
9258
6066
3273
3716
2044
7345
7092
3380
2628
7054
7461
2683
1601
9549
4264
9571
5330
5981
6642
4456
1344
9315
6981
3143
8193
8108
6991
4831
2778
5944
9539
9488
8647
9729
4281
2095
9660
1417
4308
4953
2817
5757
3114
3421
8260
7608
2622
9184
4384
3059
9228
2264
7213
1960
5468
1191
4091
9348
4423
6985
7083
6603
3902
5187
3923
9744
7563
8594
7704
8963
6737
8884
1849
6947
7445
7067
3604
1310
5841
6469
8640
7455
8489
5337
5462
4734
3260
9187
4829
5605
3278
5201
8051
6198
9761
5116
3226
4366
6960
2400
3405
4915
3601
1094
1924
5246
9135
7980
1443
9634
6731
3840
9972
8951
5060
7435
3596
2625
8479
5937
7213
9494
8024
5705
9372
4292
3159
8028
4099
5731
6117
3293
1859
2235
2112
1497
4042
5803
7850
2785
4118
1164
6909
2484
7968
3623
9574
2561
9956
7154
3208
8995
9035
5822
4941
6675
1783
6364
9284
2974
2667
1260
5631
6772
7348
8012
8561
7460
3166
2818
6778
1524
1136
6801
7845
9746
7545
3727
3877
9654
3902
7051
2573
5500
2478
1306
4778
8028
5611
9472
9606
3334
7003
8067
4046
5600
6839
2192
5297
8954
1623
8464
5841
5801
4573
9528
2420
3183
2866
9121
5917
4331
8065
9211
3273
3841
2554
8786
8502
7745
2255
8792
7058
4298
3570
8272
4354
2672
1339
7385
5087
6335
4195
6944
4845
3757
7202
7330
4408
1144
2615
1044
7826
9031
4277
8497
8449
7974
1832
1031
4170
7476
6109
4982
9191
4053
1365
6857
4190
7280
2729
6945
8001
7498
3861
7636
2554
4924
9084
9480
2119
3173
9836
8232
2692
4895
8519
8625
6474
6055
7879
7973
5223
4908
5310
4177
8441
3974
3091
5238
7792
3886
9536
3782
8616
2719
1440
2069
8580
1570
1098
1286
3309
9596
7936
9225
1813
6034
6967
5816
8133
7459
1826
9434
5742
4142
5537
9804
4910
1503
7579
3940
1166
6331
9688
2548
7403
7966
9129
6046
2162
1365
5403
3299
6950
8451
7300
2347
5216
5539
7491
4888
8491
2153
1044
8086
7781
4218
5599
6615
7626
9562
5863
9260
8470
5955
2369
8177
1750
6934
6975
1534
1324
3289
2757
5995
5609
8428
7736
4185
4087
9931
6859
1887
9562
4588
9241
2071
2992
2472
9748
9231
3592
7035
1033
7566
3927
6931
5967
3485
2513
2845
5436
9558
1844
6577
1943
7075
4480
2189
6497
2910
5357
8037
7812
6882
7309
3033
8049
9640
7511
4840
9781
2846
6403
1648
9248
7481
2396
5395
9357
9577
8401
1094
3655
5262
5416
6540
5982
8424
1995
7693
9773
7552
2325
9016
1893
2700
3273
2740
1058
9882
4029
3650
2057
6753
2683
1044
4849
4674
1219
