1001
1001
1003
1005
1005
1005
1005
1007
1008
1009
1009
1009
1009
1010
1010
1010
1012
1013
1014
1018
1020
1021
1023
1024
1024
1025
1027
1028
1029
1029
1031
1031
1033
1033
1034
1035
1035
1036
1037
1038
1039
1039
1039
1039
1042
1042
1046
1047
1048
1049
1049
1050
1051
1052
1053
1056
1057
1060
1060
1061
1062
1064
1065
1065
1065
1065
1065
1066
1066
1067
1068
1068
1068
1069
1072
1072
1073
1073
1074
1074
1075
1077
1077
1078
1078
1078
1079
1079
1080
1081
1081
1082
1083
1083
1084
1084
1089
1092
1092
1092
1093
1095
1099
1100
1100
1102
1103
1103
1103
1103
1104
1104
1105
1108
1109
1109
1111
1112
1113
1115
1116
1117
1118
1119
1119
1120
1121
1122
1123
1123
1124
1124
1125
1125
1125
1125
1126
1127
1127
1129
1130
1130
1130
1132
1132
1133
1134
1137
1138
1139
1140
1141
1141
1141
1141
1142
1142
1143
1143
1144
1144
1145
1145
1145
1146
1148
1148
1148
1148
1149
1150
1150
1150
1151
1151
1152
1152
1153
1154
1155
1158
1160
1162
1164
1164
1165
1166
1167
1167
1167
1168
1169
1169
1171
1172
1172
1176
1176
1176
1176
1178
1181
1182
1182
1185
1186
1186
1187
1187
1187
1188
1191
1193
1194
1194
1195
1195
1200
1200
1201
1201
1201
1201
1202
1204
1204
1204
1207
1208
1208
1208
1209
1210
1210
1210
1211
1212
1213
1213
1215
1215
1218
1218
1218
1218
1218
1221
1223
1224
1226
1228
1228
1229
1229
1230
1230
1230
1230
1233
1236
1238
1239
1240
1241
1242
1243
1243
1245
1247
1247
1247
1248
1248
1248
1249
1249
1250
1252
1252
1255
1256
1256
1256
1256
1256
1257
1257
1258
1260
1261
1263
1264
1264
1266
1269
1270
1271
1271
1272
1273
1273
1274
1274
1275
1276
1278
1279
1279
1280
1280
1286
1286
1287
1287
1288
1288
1288
1289
1289
1291
1292
1293
1293
1293
1293
1294
1294
1296
1298
1299
1301
1302
1302
1303
1304
1304
1305
1308
1308
1309
1309
1310
1312
1313
1316
1317
1317
1317
1320
1322
1322
1323
1323
1323
1323
1325
1325
1326
1326
1327
1327
1328
1329
1330
1331
1332
1335
1336
1336
1337
1337
1338
1338
1340
1343
1344
1345
1346
1346
1346
1348
1348
1349
1350
1350
1350
1351
1352
1354
1355
1357
1357
1358
1359
1359
1361
1362
1364
1365
1365
1366
1366
1367
1368
1368
1368
1370
1370
1370
1370
1371
1374
1375
1376
1376
1377
1379
1381
1382
1384
1384
1385
1385
1386
1386
1386
1387
1387
1388
1389
1389
1390
1391
1394
1396
1396
1398
1399
1401
1401
1402
1403
1404
1405
1406
1407
1408
1409
1410
1412
1412
1413
1413
1413
1416
1417
1418
1419
1419
1420
1420
1421
1421
1422
1423
1423
1424
1424
1425
1425
1425
1426
1426
1427
1430
1431
1432
1432
1432
1432
1432
1433
1433
1433
1435
1435
1437
1437
1438
1439
1439
1439
1441
1442
1442
1446
1447
1448
1449
1450
1451
1452
1453
1454
1456
1456
1457
1457
1458
1458
1458
1459
1461
1461
1462
1462
1464
1466
1466
1466
1466
1467
1468
1468
1468
1470
1471
1471
1472
1472
1473
1474
1474
1476
1477
1478
1479
1480
1480
1480
1481
1482
1482
1484
1485
1485
1486
1488
1489
1492
1492
1493
1493
1494
1496
1501
1501
1504
1506
1506
1506
1507
1507
1507
1509
1510
1511
1514
1514
1515
1515
1517
1518
1518
1518
1518
1519
1519
1519
1519
1520
1523
1523
1524
1524
1525
1525
1526
1526
1527
1528
1528
1529
1530
1531
1531
1532
1533
1538
1541
1541
1543
1544
1544
1545
1545
1546
1548
1550
1552
1552
1552
1552
1553
1554
1554
1554
1555
1558
1558
1558
1558
1559
1559
1559
1560
1562
1562
1563
1563
1563
1564
1565
1565
1566
1567
1568
1568
1569
1570
1572
1575
1575
1575
1575
1576
1576
1576
1576
1576
1576
1578
1579
1581
1581
1582
1582
1582
1583
1583
1584
1584
1585
1586
1586
1586
1587
1589
1590
1590
1592
1593
1593
1593
1595
1595
1597
1600
1600
1601
1602
1603
1603
1604
1605
1606
1606
1607
1608
1609
1609
1610
1611
1612
1612
1612
1613
1613
1614
1614
1614
1615
1615
1618
1619
1622
1623
1623
1623
1623
1625
1625
1626
1626
1627
1627
1627
1630
1630
1630
1630
1631
1631
1632
1633
1633
1634
1634
1637
1640
1640
1640
1641
1642
1642
1642
1645
1645
1645
1645
1647
1648
1648
1648
1648
1649
1649
1649
1650
1651
1652
1653
1655
1655
1656
1657
1658
1660
1660
1661
1661
1661
1662
1667
1667
1668
1670
1670
1671
1675
1675
1677
1678
1679
1679
1680
1683
1684
1684
1685
1685
1685
1685
1685
1686
1688
1689
1689
1690
1691
1692
1693
1693
1695
1696
1697
1698
1702
1702
1702
1702
1703
1703
1704
1707
1707
1707
1708
1709
1709
1709
1710
1711
1713
1713
1713
1714
1716
1716
1716
1717
1718
1719
1719
1721
1722
1724
1726
1727
1727
1728
1729
1730
1731
1731
1733
1734
1734
1736
1736
1737
1737
1739
1739
1743
1746
1746
1746
1746
1747
1747
1747
1747
1750
1750
1750
1753
1754
1754
1758
1760
1761
1763
1764
1764
1764
1765
1765
1766
1768
1768
1768
1774
1777
1777
1778
1778
1778
1778
1779
1782
1783
1784
1784
1784
1785
1786
1786
1787
1788
1788
1788
1788
1788
1789
1789
1791
1792
1794
1794
1794
1795
1795
1795
1800
1802
1804
1805
1806
1806
1806
1810
1810
1811
1812
1812
1813
1813
1816
1817
1817
1818
1818
1818
1819
1819
1819
1819
1820
1820
1821
1822
1823
1825
1826
1826
1828
1828
1829
1830
1831
1831
1832
1833
1833
1834
1834
1834
1836
1837
1837
1837
1838
1843
1846
1849
1850
1850
1853
1853
1856
1858
1859
1860
1861
1861
1862
1862
1862
1862
1863
1864
1865
1866
1866
1866
1867
1867
1869
1870
1870
1871
1872
1874
1875
1877
1878
1878
1878
1878
1880
1881
1881
1882
1883
1884
1884
1885
1885
1885
1886
1888
1889
1889
1889
1891
1891
1891
1892
1893
1893
1895
1896
1897
1897
1897
1899
1900
1900
1901
1901
1902
1902
1903
1903
1904
1904
1905
1907
1907
1907
1907
1908
1908
1910
1910
1911
1912
1912
1912
1913
1914
1914
1915
1915
1916
1916
1917
1918
1918
1919
1920
1921
1922
1924
1924
1928
1930
1930
1930
1931
1932
1933
1937
1937
1939
1940
1941
1941
1941
1941
1942
1942
1942
1944
1944
1944
1946
1947
1947
1947
1948
1949
1950
1951
1952
1952
1952
1953
1954
1957
1957
1957
1957
1958
1959
1959
1963
1964
1965
1965
1966
1967
1968
1968
1971
1971
1971
1972
1975
1975
1977
1978
1979
1982
1982
1985
1986
1986
1986
1986
1986
1987
1987
1989
1989
1989
1989
1989
1989
1991
1993
1993
1994
1994
1994
1996
1997
1997
1997
1997
1998
1999
2002
2003
2003
2004
2004
2005
2005
2005
2006
2007
2007
2007
2010
2011
2011
2011
2014
2015
2015
2016
2016
2017
2017
2017
2017
2018
2020
2021
2021
2021
2021
2022
2023
2023
2024
2025
2026
2029
2031
2032
2033
2033
2035
2036
2038
2038
2038
2038
2039
2039
2041
2042
2042
2043
2045
2046
2046
2047
2049
2049
2050
2051
2051
2052
2053
2054
2057
2057
2058
2058
2060
2061
2063
2063
2063
2064
2064
2065
2067
2067
2068
2069
2070
2070
2071
2071
2072
2074
2076
2076
2077
2077
2077
2077
2078
2080
2080
2080
2081
2084
2085
2085
2087
2089
2089
2089
2090
2091
2091
2096
2096
2098
2098
2099
2100
2101
2101
2104
2105
2105
2106
2110
2111
2113
2114
2115
2117
2120
2122
2123
2124
2124
2124
2125
2126
2127
2127
2133
2134
2135
2135
2136
2137
2137
2137
2137
2138
2139
2139
2140
2140
2143
2143
2143
2144
2145
2145
2149
2151
2152
2153
2153
2155
2155
2156
2157
2157
2158
2158
2159
2161
2162
2165
2168
2170
2170
2171
2175
2175
2177
2180
2180
2180
2183
2186
2186
2188
2189
2190
2191
2192
2193
2193
2194
2195
2197
2199
2203
2204
2204
2204
2205
2206
2206
2209
2209
2210
2210
2210
2210
2213
2213
2214
2214
2215
2215
2216
2218
2218
2219
2220
2221
2221
2222
2222
2223
2223
2224
2225
2225
2225
2226
2226
2226
2227
2227
2227
2227
2229
2230
2230
2233
2233
2233
2234
2234
2234
2234
2236
2239
2240
2240
2241
2242
2242
2243
2243
2244
2245
2246
2246
2247
2248
2249
2251
2252
2253
2253
2254
2254
2255
2255
2256
2257
2257
2257
2259
2260
2261
2261
2263
2264
2265
2266
2266
2267
2268
2268
2268
2270
2271
2271
2271
2272
2273
2274
2274
2275
2275
2276
2276
2277
2278
2280
2280
2282
2284
2284
2286
2288
2288
2292
2292
2292
2293
2294
2295
2296
2296
2296
2299
2300
2300
2300
2302
2303
2304
2305
2306
2306
2307
2307
2307
2309
2309
2314
2314
2315
2316
2316
2317
2319
2319
2320
2320
2320
2320
2321
2321
2323
2323
2324
2325
2326
2326
2326
2326
2329
2331
2331
2333
2334
2336
2336
2337
2340
2342
2342
2342
2343
2343
2343
2344
2346
2347
2349
2350
2351
2353
2354
2355
2356
2357
2358
2360
2361
2362
2362
2362
2364
2364
2364
2364
2364
2367
2367
2367
2367
2368
2369
2370
2371
2371
2372
2374
2374
2375
2376
2377
2377
2379
2379
2380
2380
2381
2382
2383
2384
2385
2385
2386
2390
2390
2393
2393
2395
2396
2396
2396
2397
2397
2399
2399
2400
2400
2400
2401
2404
2405
2407
2410
2410
2411
2413
2413
2415
2416
2416
2416
2418
2420
2420
2421
2421
2422
2423
2424
2425
2426
2426
2427
2427
2430
2432
2433
2433
2435
2436
2436
2437
2437
2438
2439
2441
2443
2445
2446
2446
2447
2448
2449
2451
2456
2457
2458
2458
2461
2461
2462
2462
2463
2463
2464
2464
2465
2465
2466
2467
2467
2467
2468
2469
2469
2470
2470
2470
2471
2471
2476
2477
2479
2480
2481
2481
2482
2484
2486
2489
2489
2489
2490
2491
2492
2492
2492
2492
2493
2493
2493
2494
2494
2495
2498
2498
2499
2501
2504
2507
2507
2508
2509
2510
2511
2511
2511
2513
2514
2515
2515
2517
2518
2520
2522
2523
2524
2524
2525
2527
2528
2530
2532
2535
2535
2535
2535
2537
2537
2539
2539
2539
2540
2541
2541
2543
2544
2546
2546
2547
2548
2548
2549
2549
2550
2551
2552
2552
2553
2554
2554
2555
2556
2556
2556
2559
2560
2562
2563
2563
2563
2564
2564
2564
2565
2567
2568
2569
2570
2571
2572
2572
2573
2573
2573
2575
2575
2575
2576
2577
2577
2578
2578
2579
2580
2581
2582
2582
2584
2586
2587
2587
2587
2588
2589
2589
2590
2591
2592
2592
2595
2597
2598
2600
2601
2601
2602
2602
2604
2606
2607
2607
2607
2607
2607
2611
2611
2612
2613
2613
2616
2617
2617
2618
2618
2618
2619
2620
2620
2621
2622
2623
2623
2624
2624
2625
2625
2627
2627
2630
2631
2632
2633
2635
2636
2636
2637
2638
2638
2640
2640
2641
2642
2642
2644
2644
2645
2645
2646
2650
2651
2651
2653
2653
2657
2657
2658
2658
2660
2660
2661
2661
2661
2662
2664
2665
2666
2666
2667
2668
2669
2670
2670
2671
2671
2671
2674
2675
2676
2678
2679
2679
2679
2680
2681
2682
2683
2683
2683
2684
2684
2685
2686
2686
2687
2687
2689
2689
2690
2692
2693
2697
2697
2698
2698
2698
2698
2700
2701
2702
2703
2704
2704
2706
2708
2708
2709
2710
2710
2711
2713
2713
2715
2716
2717
2717
2718
2718
2719
2721
2721
2722
2723
2723
2725
2726
2727
2728
2729
2730
2730
2730
2732
2733
2733
2734
2734
2734
2735
2736
2738
2738
2739
2740
2741
2741
2742
2746
2746
2746
2747
2748
2748
2749
2749
2749
2750
2752
2754
2755
2755
2757
2757
2758
2759
2759
2759
2761
2762
2762
2763
2765
2765
2767
2771
2771
2772
2772
2776
2776
2778
2778
2779
2779
2780
2782
2782
2784
2786
2788
2789
2790
2790
2791
2791
2792
2792
2792
2793
2793
2795
2796
2797
2797
2797
2798
2800
2801
2802
2802
2803
2807
2807
2808
2808
2808
2809
2810
2811
2811
2814
2816
2816
2816
2816
2817
2818
2819
2819
2821
2821
2821
2822
2824
2824
2827
2827
2829
2829
2829
2831
2834
2835
2836
2836
2836
2838
2839
2839
2843
2844
2844
2845
2846
2846
2848
2848
2849
2849
2851
2852
2853
2853
2853
2854
2854
2854
2856
2857
2857
2858
2859
2859
2860
2861
2861
2862
2863
2865
2866
2867
2868
2871
2872
2873
2873
2873
2875
2877
2877
2877
2879
2880
2880
2881
2881
2882
2882
2884
2885
2886
2886
2887
2888
2888
2889
2890
2891
2891
2892
2893
2894
2894
2894
2896
2897
2898
2898
2899
2900
2901
2902
2903
2903
2904
2904
2905
2907
2908
2908
2908
2909
2909
2910
2910
2912
2913
2914
2914
2916
2916
2917
2919
2919
2920
2921
2921
2922
2922
2925
2926
2929
2932
2932
2933
2933
2934
2934
2935
2935
2936
2936
2937
2938
2938
2939
2939
2940
2942
2943
2945
2946
2946
2946
2947
2948
2948
2950
2950
2951
2952
2953
2954
2955
2957
2958
2958
2959
2962
2963
2965
2967
2968
2968
2969
2970
2972
2976
2976
2976
2976
2976
2976
2979
2979
2981
2981
2982
2983
2983
2984
2984
2985
2985
2985
2989
2990
2990
2991
2991
2994
2994
2994
2995
2995
2995
2998
2999
3000
3000
3000
3000
3000
3001
3001
3002
3003
3003
3005
3005
3007
3007
3008
3008
3009
3011
3011
3012
3012
3013
3015
3015
3016
3016
3016
3017
3017
3019
3020
3020
3021
3021
3022
3025
3027
3027
3027
3028
3028
3031
3033
3034
3035
3035
3036
3038
3038
3040
3042
3042
3042
3043
3043
3043
3044
3046
3046
3047
3049
3050
3052
3053
3055
3055
3057
3058
3060
3061
3061
3063
3063
3063
3064
3065
3065
3067
3069
3070
3072
3077
3079
3080
3081
3081
3083
3083
3084
3084
3085
3085
3088
3088
3089
3089
3089
3089
3090
3091
3091
3092
3094
3095
3095
3095
3096
3098
3100
3100
3102
3102
3105
3105
3106
3106
3107
3107
3107
3108
3108
3108
3109
3109
3109
3109
3110
3113
3114
3114
3115
3115
3118
3120
3122
3123
3123
3124
3125
3126
3127
3127
3128
3129
3129
3130
3131
3131
3131
3131
3132
3133
3135
3135
3136
3137
3138
3139
3142
3144
3144
3145
3146
3146
3146
3147
3148
3149
3149
3150
3152
3152
3155
3155
3157
3158
3158
3159
3160
3160
3161
3162
3163
3164
3164
3165
3166
3166
3166
3168
3169
3169
3170
3171
3173
3173
3175
3175
3175
3175
3175
3176
3177
3178
3179
3179
3179
3180
3181
3182
3183
3183
3186
3187
3188
3188
3189
3190
3192
3192
3193
3193
3195
3196
3196
3196
3197
3198
3198
3199
3200
3201
3201
3211
3212
3213
3214
3216
3217
3218
3218
3218
3219
3219
3220
3220
3220
3221
3222
3223
3223
3224
3228
3228
3228
3229
3229
3231
3233
3235
3236
3238
3240
3240
3243
3244
3245
3245
3245
3245
3246
3247
3249
3250
3251
3252
3252
3256
3257
3259
3260
3262
3262
3263
3264
3266
3266
3267
3267
3268
3269
3269
3272
3274
3274
3275
3277
3277
3279
3279
3280
3283
3284
3285
3286
3286
3286
3289
3289
3291
3292
3292
3293
3293
3293
3295
3295
3295
3296
3296
3297
3298
3300
3304
3306
3307
3307
3307
3307
3308
3308
3309
3309
3310
3311
3312
3312
3314
3314
3316
3317
3320
3321
3322
3324
3325
3327
3328
3329
3329
3330
3330
3331
3331
3331
3331
3333
3334
3336
3337
3338
3338
3338
3338
3338
3339
3340
3341
3343
3343
3343
3344
3345
3345
3345
3346
3346
3346
3347
3348
3349
3349
3350
3351
3351
3352
3353
3353
3353
3354
3355
3357
3360
3361
3361
3362
3362
3363
3364
3368
3368
3369
3369
3370
3370
3371
3373
3373
3374
3376
3376
3377
3377
3378
3379
3381
3382
3386
3386
3386
3387
3387
3388
3390
3390
3391
3391
3392
3393
3394
3395
3397
3398
3398
3398
3400
3400
3400
3401
3402
3402
3403
3403
3405
3406
3406
3407
3408
3408
3409
3411
3412
3414
3415
3415
3416
3417
3418
3418
3418
3419
3421
3422
3425
3426
3426
3428
3428
3429
3429
3431
3433
3434
3435
3436
3436
3437
3437
3438
3438
3442
3445
3445
3446
3446
3446
3450
3451
3452
3453
3454
3455
3457
3457
3458
3459
3461
3463
3463
3464
3465
3467
3468
3468
3469
3470
3470
3470
3471
3471
3471
3472
3473
3474
3474
3477
3477
3479
3481
3482
3483
3483
3483
3484
3485
3485
3486
3486
3487
3487
3490
3491
3492
3495
3496
3496
3497
3497
3499
3499
3500
3500
3502
3503
3505
3506
3506
3506
3506
3507
3510
3513
3514
3514
3515
3516
3517
3518
3519
3520
3520
3520
3520
3521
3523
3524
3526
3528
3530
3530
3532
3533
3533
3533
3534
3535
3535
3536
3536
3537
3538
3538
3538
3538
3538
3540
3540
3542
3543
3543
3544
3544
3546
3548
3548
3548
3549
3551
3551
3552
3553
3554
3554
3554
3555
3557
3560
3562
3562
3562
3563
3563
3565
3566
3567
3568
3569
3570
3570
3571
3573
3574
3575
3575
3576
3578
3578
3579
3579
3580
3580
3581
3581
3582
3582
3582
3583
3584
3587
3587
3587
3587
3588
3589
3590
3590
3590
3593
3594
3595
3597
3597
3598
3599
3600
3602
3602
3603
3603
3603
3604
3606
3606
3607
3607
3607
3610
3611
3612
3612
3612
3612
3613
3615
3619
3620
3620
3620
3620
3620
3621
3623
3624
3624
3624
3625
3626
3627
3628
3628
3629
3629
3629
3634
3635
3636
3636
3636
3637
3639
3640
3641
3642
3642
3643
3643
3644
3644
3646
3647
3648
3649
3650
3651
3652
3654
3654
3656
3656
3657
3658
3658
3659
3659
3662
3662
3663
3663
3664
3665
3666
3667
3668
3670
3670
3670
3672
3672
3673
3673
3675
3676
3677
3677
3678
3678
3680
3683
3684
3685
3685
3685
3686
3687
3688
3690
3692
3693
3695
3695
3696
3696
3697
3698
3699
3702
3703
3704
3706
3708
3708
3709
3710
3711
3713
3714
3714
3715
3717
3719
3719
3719
3720
3722
3722
3722
3723
3723
3724
3724
3725
3727
3728
3728
3728
3729
3730
3730
3730
3731
3731
3731
3731
3731
3732
3733
3733
3734
3734
3735
3735
3735
3736
3736
3737
3738
3739
3740
3741
3742
3742
3743
3744
3745
3745
3749
3749
3749
3750
3750
3751
3752
3752
3754
3758
3759
3759
3759
3760
3761
3761
3762
3762
3763
3763
3764
3764
3764
3765
3766
3767
3767
3768
3768
3769
3769
3770
3770
3770
3772
3772
3772
3772
3774
3776
3776
3777
3778
3779
3779
3782
3782
3784
3786
3787
3787
3788
3788
3789
3789
3790
3790
3791
3792
3793
3795
3798
3798
3799
3799
3800
3801
3802
3803
3804
3806
3807
3808
3809
3809
3810
3811
3812
3812
3814
3815
3818
3819
3819
3820
3820
3821
3822
3823
3824
3824
3825
3825
3825
3826
3827
3827
3828
3829
3829
3830
3831
3833
3834
3834
3834
3835
3836
3837
3838
3839
3840
3842
3844
3845
3846
3847
3847
3848
3848
3848
3850
3852
3853
3854
3855
3856
3856
3857
3857
3857
3857
3857
3858
3859
3860
3861
3861
3861
3863
3863
3863
3863
3864
3866
3867
3870
3870
3871
3871
3872
3875
3876
3877
3877
3878
3879
3880
3881
3883
3884
3884
3884
3885
3886
3887
3887
3889
3890
3890
3891
3892
3894
3895
3895
3895
3896
3896
3896
3898
3900
3900
3902
3903
3906
3907
3908
3911
3912
3913
3913
3914
3914
3916
3916
3917
3918
3919
3920
3920
3922
3923
3923
3925
3925
3926
3926
3926
3927
3927
3927
3928
3928
3930
3931
3932
3932
3932
3935
3936
3938
3939
3940
3941
3942
3942
3944
3945
3946
3947
3948
3948
3949
3951
3951
3952
3952
3952
3954
3954
3957
3957
3958
3958
3961
3961
3962
3962
3962
3962
3963
3963
3965
3967
3968
3969
3970
3972
3974
3975
3975
3976
3977
3977
3979
3979
3979
3981
3981
3981
3982
3983
3983
3983
3983
3985
3988
3988
3988
3990
3991
3991
3992
3992
3993
3993
3995
3996
3996
3996
3997
3999
3999
4000
4000
4002
4004
4004
4005
4008
4009
4010
4010
4010
4010
4011
4011
4014
4015
4016
4018
4019
4022
4023
4023
4024
4024
4025
4026
4026
4026
4027
4027
4028
4029
4029
4029
4032
4032
4033
4033
4036
4036
4039
4039
4039
4039
4041
4042
4043
4044
4044
4045
4045
4047
4048
4048
4052
4052
4052
4053
4054
4055
4055
4055
4056
4057
4057
4058
4058
4060
4060
4061
4062
4062
4063
4064
4064
4066
4066
4066
4066
4067
4067
4068
4070
4071
4072
4077
4077
4078
4079
4080
4081
4089
4090
4091
4091
4092
4093
4093
4095
4096
4096
4096
4097
4098
4098
4098
4099
4100
4101
4102
4104
4105
4105
4108
4109
4110
4110
4110
4110
4111
4113
4114
4114
4116
4116
4117
4118
4119
4120
4120
4122
4122
4123
4123
4124
4125
4127
4127
4132
4134
4134
4135
4135
4136
4136
4137
4137
4140
4141
4141
4141
4142
4143
4146
4146
4148
4148
4149
4149
4149
4150
4150
4151
4151
4152
4153
4154
4155
4156
4156
4157
4160
4162
4163
4166
4167
4168
4168
4169
4170
4172
4172
4174
4175
4175
4176
4176
4179
4179
4180
4180
4182
4182
4183
4184
4185
4185
4186
4187
4187
4188
4189
4191
4192
4193
4193
4194
4194
4195
4196
4196
4198
4199
4200
4200
4202
4203
4204
4204
4205
4205
4206
4209
4209
4210
4211
4212
4212
4213
4213
4215
4216
4217
4218
4220
4220
4221
4221
4221
4221
4222
4222
4223
4224
4224
4224
4225
4225
4226
4228
4228
4229
4230
4231
4234
4234
4234
4235
4235
4236
4236
4236
4238
4239
4239
4245
4245
4247
4248
4248
4249
4251
4251
4252
4252
4252
4253
4254
4256
4256
4256
4257
4258
4259
4259
4259
4259
4260
4261
4261
4262
4262
4263
4266
4266
4266
4268
4268
4269
4269
4269
4270
4272
4275
4277
4277
4278
4279
4280
4283
4284
4286
4287
4288
4288
4288
4289
4290
4290
4291
4293
4293
4295
4295
4296
4296
4297
4297
4297
4298
4300
4301
4302
4302
4303
4303
4304
4305
4306
4306
4306
4308
4308
4309
4310
4311
4313
4318
4320
4320
4321
4322
4322
4322
4323
4323
4323
4326
4326
4326
4327
4327
4327
4328
4328
4330
4330
4331
4331
4331
4332
4332
4332
4332
4333
4334
4335
4340
4340
4342
4342
4344
4345
4345
4346
4347
4347
4348
4351
4352
4352
4353
4354
4355
4356
4356
4356
4359
4360
4362
4362
4363
4364
4365
4365
4365
4366
4366
4366
4371
4374
4374
4374
4374
4376
4376
4376
4376
4378
4378
4378
4380
4384
4384
4384
4386
4386
4387
4390
4391
4392
4393
4393
4393
4393
4396
4396
4397
4397
4397
4399
4399
4401
4404
4404
4404
4405
4405
4406
4407
4407
4408
4408
4408
4409
4410
4412
4413
4414
4414
4414
4415
4417
4418
4419
4419
4423
4425
4426
4427
4427
4428
4429
4430
4430
4431
4431
4432
4432
4432
4433
4434
4434
4434
4435
4437
4437
4437
4438
4438
4440
4440
4441
4442
4442
4443
4444
4444
4445
4446
4447
4447
4448
4449
4450
4451
4451
4452
4452
4453
4454
4455
4455
4455
4457
4457
4459
4459
4461
4461
4461
4462
4462
4463
4463
4463
4464
4465
4466
4467
4470
4470
4471
4472
4473
4473
4474
4474
4475
4475
4476
4476
4479
4480
4481
4481
4483
4483
4483
4484
4484
4485
4487
4489
4490
4491
4491
4493
4493
4496
4498
4499
4499
4499
4501
4503
4504
4504
4505
4506
4507
4508
4508
4508
4509
4509
4509
4509
4512
4513
4513
4515
4515
4515
4515
4517
4518
4519
4520
4520
4520
4521
4521
4521
4525
4525
4526
4526
4527
4527
4528
4528
4528
4529
4529
4530
4531
4531
4532
4533
4533
4534
4534
4535
4536
4536
4538
4538
4541
4542
4542
4543
4544
4544
4545
4547
4550
4550
4551
4552
4552
4554
4556
4557
4557
4559
4559
4560
4560
4560
4562
4563
4566
4568
4569
4569
4571
4571
4572
4573
4574
4575
4576
4576
4576
4576
4577
4577
4582
4582
4583
4584
4587
4588
4588
4589
4590
4592
4592
4593
4595
4597
4597
4599
4599
4600
4600
4600
4602
4602
4602
4602
4603
4604
4605
4605
4606
4606
4606
4606
4607
4607
4607
4607
4608
4608
4608
4608
4609
4610
4613
4614
4617
4617
4618
4619
4621
4621
4621
4625
4626
4626
4629
4629
4630
4632
4633
4634
4634
4637
4639
4639
4640
4640
4640
4641
4643
4644
4646
4646
4647
4650
4650
4650
4651
4652
4652
4653
4655
4657
4659
4661
4662
4662
4662
4662
4662
4663
4664
4666
4666
4668
4670
4670
4673
4675
4675
4675
4675
4676
4676
4677
4678
4678
4679
4681
4684
4687
4687
4688
4690
4691
4691
4692
4692
4693
4694
4694
4695
4695
4698
4703
4704
4705
4706
4709
4709
4709
4710
4711
4711
4713
4713
4715
4717
4718
4720
4720
4725
4725
4726
4727
4728
4729
4729
4729
4730
4732
4732
4733
4733
4734
4735
4735
4736
4736
4737
4738
4739
4739
4739
4739
4741
4741
4743
4743
4744
4744
4745
4745
4747
4748
4748
4748
4749
4750
4750
4753
4754
4755
4755
4755
4755
4756
4756
4757
4757
4758
4760
4761
4761
4763
4763
4764
4765
4766
4766
4766
4768
4769
4769
4770
4770
4770
4770
4774
4774
4776
4778
4779
4780
4780
4783
4784
4786
4787
4788
4789
4789
4790
4791
4792
4792
4794
4795
4795
4796
4797
4798
4798
4798
4798
4800
4800
4800
4801
4802
4804
4804
4805
4808
4810
4810
4812
4815
4816
4816
4818
4818
4820
4820
4820
4820
4821
4823
4823
4823
4825
4825
4826
4827
4827
4828
4829
4830
4830
4831
4831
4832
4832
4832
4834
4836
4836
4836
4837
4837
4838
4838
4839
4839
4841
4841
4844
4844
4844
4845
4846
4847
4847
4848
4849
4849
4849
4850
4851
4851
4852
4856
4856
4858
4858
4859
4859
4859
4859
4859
4860
4860
4860
4861
4862
4862
4863
4863
4863
4863
4864
4865
4865
4866
4868
4868
4869
4869
4871
4872
4872
4873
4874
4875
4877
4879
4881
4881
4882
4883
4884
4887
4891
4891
4894
4894
4895
4899
4899
4901
4901
4902
4906
4906
4906
4906
4909
4911
4912
4912
4915
4915
4915
4916
4918
4918
4922
4922
4923
4926
4926
4926
4926
4926
4929
4929
4930
4930
4931
4934
4934
4934
4935
4937
4939
4939
4940
4940
4941
4942
4942
4942
4943
4943
4945
4946
4947
4947
4947
4948
4948
4948
4949
4950
4950
4951
4951
4951
4952
4952
4953
4954
4954
4955
4955
4959
4959
4959
4960
4960
4961
4962
4963
4963
4964
4964
4964
4966
4967
4967
4971
4972
4974
4974
4975
4975
4976
4976
4977
4977
4978
4978
4978
4980
4982
4982
4984
4984
4985
4986
4986
4986
4987
4989
4989
4989
4990
4990
4991
4992
4994
4995
4997
4997
4997
4999
4999
5000
5001
5001
5002
5003
5004
5005
5006
5007
5008
5008
5009
5011
5012
5014
5014
5015
5019
5021
5022
5025
5026
5027
5027
5028
5030
5032
5032
5033
5033
5036
5041
5042
5043
5043
5044
5044
5045
5045
5045
5045
5046
5047
5048
5049
5049
5049
5052
5056
5056
5057
5057
5057
5057
5058
5058
5058
5059
5060
5060
5061
5062
5065
5066
5066
5066
5069
5069
5071
5071
5072
5072
5072
5074
5075
5075
5077
5078
5078
5080
5080
5082
5083
5084
5084
5085
5086
5088
5089
5089
5091
5091
5092
5093
5096
5097
5098
5101
5101
5101
5102
5102
5103
5103
5104
5105
5105
5105
5105
5106
5106
5109
5110
5112
5114
5116
5118
5118
5120
5121
5122
5122
5124
5124
5124
5125
5125
5126
5126
5127
5128
5128
5129
5130
5130
5131
5131
5131
5131
5132
5132
5134
5135
5136
5136
5137
5139
5139
5140
5140
5142
5143
5145
5146
5147
5148
5150
5151
5152
5152
5152
5153
5154
5154
5155
5158
5159
5161
5162
5164
5164
5165
5165
5168
5168
5169
5169
5169
5171
5173
5175
5181
5182
5182
5182
5182
5184
5185
5185
5186
5191
5193
5193
5194
5194
5197
5198
5201
5202
5202
5203
5204
5204
5206
5207
5208
5208
5208
5209
5214
5214
5215
5216
5218
5219
5221
5221
5222
5224
5224
5224
5226
5226
5226
5227
5227
5228
5229
5230
5232
5233
5234
5234
5234
5235
5236
5237
5237
5241
5242
5243
5245
5245
5246
5248
5249
5249
5249
5250
5250
5251
5251
5251
5254
5256
5258
5259
5259
5260
5261
5261
5261
5263
5264
5264
5265
5266
5268
5270
5270
5272
5272
5272
5273
5273
5274
5275
5276
5276
5278
5278
5278
5279
5279
5280
5281
5281
5282
5284
5285
5286
5286
5286
5287
5287
5289
5289
5290
5291
5291
5292
5292
5293
5294
5296
5296
5297
5298
5298
5299
5299
5300
5300
5301
5303
5303
5303
5303
5304
5304
5305
5305
5306
5306
5307
5308
5308
5309
5310
5311
5313
5313
5314
5315
5316
5316
5317
5321
5323
5324
5325
5328
5329
5329
5329
5329
5329
5330
5332
5333
5334
5334
5334
5334
5334
5336
5337
5338
5338
5338
5338
5339
5341
5342
5342
5345
5346
5347
5349
5349
5350
5350
5351
5351
5354
5355
5356
5357
5358
5358
5359
5359
5359
5360
5360
5360
5362
5362
5363
5365
5368
5369
5369
5369
5369
5371
5371
5372
5374
5376
5377
5377
5378
5378
5378
5378
5380
5383
5383
5385
5387
5387
5388
5389
5390
5393
5395
5398
5400
5400
5400
5400
5402
5402
5404
5404
5405
5405
5406
5406
5407
5407
5408
5409
5409
5409
5409
5409
5411
5411
5411
5412
5413
5414
5416
5417
5419
5419
5420
5420
5421
5422
5422
5423
5424
5424
5424
5426
5427
5427
5428
5428
5428
5429
5431
5432
5432
5432
5432
5433
5433
5434
5436
5436
5436
5436
5439
5440
5441
5444
5444
5444
5446
5446
5446
5447
5448
5449
5451
5455
5455
5456
5457
5458
5460
5460
5461
5463
5463
5464
5464
5465
5466
5467
5468
5468
5469
5470
5470
5471
5471
5471
5472
5473
5473
5474
5476
5476
5477
5479
5482
5482
5483
5484
5484
5487
5487
5488
5489
5489
5490
5490
5490
5492
5494
5494
5496
5497
5497
5497
5497
5498
5503
5504
5504
5505
5505
5505
5506
5507
5508
5510
5510
5511
5511
5512
5512
5514
5514
5514
5515
5517
5517
5518
5519
5520
5520
5521
5521
5521
5522
5523
5524
5527
5528
5528
5530
5530
5531
5531
5532
5535
5535
5535
5535
5535
5536
5537
5537
5537
5538
5538
5539
5540
5540
5541
5543
5543
5545
5546
5546
5546
5546
5546
5548
5550
5550
5550
5551
5552
5552
5553
5553
5553
5554
5556
5558
5559
5560
5561
5562
5562
5563
5563
5565
5565
5566
5566
5570
5570
5571
5571
5572
5572
5574
5576
5578
5580
5582
5583
5585
5588
5590
5591
5591
5592
5592
5593
5593
5594
5595
5596
5596
5598
5599
5602
5603
5603
5605
5606
5606
5607
5611
5612
5613
5614
5614
5615
5617
5617
5617
5618
5619
5619
5620
5625
5625
5625
5626
5626
5627
5627
5629
5629
5630
5630
5630
5631
5632
5633
5635
5635
5635
5636
5636
5637
5637
5640
5640
5641
5642
5642
5643
5643
5645
5645
5649
5649
5651
5651
5652
5653
5655
5655
5658
5658
5659
5660
5661
5663
5663
5663
5664
5665
5665
5667
5668
5669
5670
5670
5671
5672
5674
5674
5675
5675
5676
5676
5677
5680
5682
5685
5685
5685
5685
5686
5686
5686
5687
5687
5690
5692
5693
5694
5695
5697
5698
5698
5699
5699
5701
5703
5704
5705
5707
5707
5708
5709
5710
5710
5710
5712
5712
5714
5715
5716
5717
5717
5719
5720
5722
5723
5724
5725
5726
5726
5726
5726
5726
5730
5731
5732
5732
5733
5734
5735
5736
5737
5737
5739
5742
5742
5742
5743
5743
5745
5745
5746
5746
5748
5751
5751
5753
5755
5755
5757
5758
5759
5760
5760
5760
5766
5767
5768
5768
5771
5773
5773
5773
5773
5775
5775
5775
5776
5776
5779
5780
5780
5781
5782
5782
5783
5783
5785
5785
5786
5786
5788
5789
5790
5791
5791
5794
5796
5797
5798
5798
5799
5801
5802
5802
5803
5803
5807
5807
5808
5808
5809
5810
5810
5811
5812
5812
5813
5813
5815
5816
5816
5817
5817
5817
5817
5818
5818
5820
5821
5821
5822
5826
5829
5830
5830
5831
5832
5833
5833
5834
5834
5834
5835
5835
5835
5835
5835
5836
5836
5837
5837
5837
5839
5840
5842
5843
5843
5843
5844
5844
5847
5848
5848
5849
5849
5850
5850
5852
5852
5854
5856
5857
5865
5866
5867
5867
5871
5871
5871
5872
5872
5874
5875
5875
5876
5877
5877
5878
5879
5880
5880
5881
5882
5882
5883
5884
5884
5884
5884
5884
5885
5886
5886
5886
5889
5889
5889
5889
5891
5892
5893
5893
5893
5895
5895
5895
5895
5895
5896
5900
5900
5901
5901
5901
5902
5903
5903
5903
5904
5904
5905
5905
5906
5906
5907
5909
5911
5913
5914
5915
5916
5916
5918
5919
5921
5921
5921
5922
5922
5926
5927
5929
5929
5930
5930
5931
5931
5931
5932
5934
5934
5934
5934
5934
5934
5934
5935
5936
5937
5939
5940
5941
5941
5943
5943
5943
5943
5943
5945
5948
5949
5950
5951
5951
5952
5953
5954
5956
5956
5956
5957
5957
5958
5959
5959
5960
5961
5962
5962
5964
5965
5965
5967
5967
5967
5968
5970
5972
5975
5975
5977
5977
5977
5979
5979
5979
5979
5981
5985
5986
5986
5988
5989
5990
5990
5990
5990
5991
5991
5991
5994
5996
5996
5997
6001
6002
6002
6002
6007
6008
6008
6008
6009
6012
6012
6012
6013
6013
6014
6015
6015
6015
6015
6015
6017
6018
6018
6019
6021
6023
6024
6025
6028
6028
6028
6029
6029
6029
6029
6030
6030
6031
6033
6033
6033
6036
6036
6038
6039
6039
6039
6041
6044
6045
6046
6046
6046
6048
6048
6048
6049
6049
6051
6053
6054
6056
6058
6058
6058
6058
6060
6060
6061
6062
6063
6065
6065
6066
6069
6069
6069
6070
6070
6071
6071
6072
6073
6075
6076
6076
6079
6080
6080
6080
6081
6081
6082
6082
6083
6083
6083
6085
6085
6087
6089
6089
6089
6091
6091
6092
6093
6093
6096
6096
6096
6096
6098
6099
6100
6104
6109
6110
6110
6110
6111
6111
6116
6117
6119
6121
6122
6123
6124
6125
6125
6128
6128
6129
6129
6129
6129
6129
6130
6131
6132
6133
6133
6133
6134
6134
6135
6135
6135
6135
6138
6138
6138
6139
6139
6139
6139
6140
6140
6140
6140
6141
6141
6142
6142
6143
6143
6144
6145
6147
6148
6148
6149
6149
6150
6150
6151
6151
6151
6151
6152
6152
6153
6153
6153
6154
6154
6155
6155
6155
6156
6159
6160
6163
6165
6166
6170
6171
6173
6173
6176
6176
6177
6178
6178
6179
6180
6180
6181
6183
6183
6184
6184
6184
6184
6185
6185
6185
6186
6187
6187
6187
6188
6188
6189
6189
6189
6189
6190
6190
6190
6191
6196
6196
6199
6201
6202
6202
6203
6205
6205
6207
6207
6208
6209
6211
6212
6212
6212
6213
6214
6214
6216
6216
6217
6218
6219
6222
6223
6223
6224
6224
6226
6227
6227
6228
6229
6229
6230
6231
6232
6233
6234
6234
6235
6236
6236
6236
6237
6238
6238
6239
6239
6240
6241
6242
6242
6243
6245
6245
6246
6246
6246
6247
6248
6250
6251
6254
6254
6255
6255
6256
6256
6261
6263
6267
6267
6267
6267
6269
6270
6271
6272
6272
6272
6276
6276
6277
6278
6279
6280
6280
6280
6282
6282
6282
6282
6282
6283
6284
6285
6285
6286
6286
6286
6286
6287
6290
6290
6294
6295
6297
6298
6298
6298
6299
6299
6300
6300
6300
6301
6301
6302
6304
6305
6306
6306
6306
6308
6309
6311
6312
6312
6313
6314
6314
6314
6314
6316
6317
6317
6319
6319
6320
6320
6320
6320
6320
6325
6325
6326
6327
6328
6328
6329
6331
6331
6332
6335
6336
6337
6337
6337
6337
6339
6339
6339
6339
6340
6340
6341
6342
6343
6343
6351
6353
6354
6355
6355
6355
6356
6357
6361
6361
6362
6363
6364
6366
6366
6367
6367
6367
6369
6370
6370
6372
6374
6375
6377
6379
6380
6382
6382
6384
6384
6384
6384
6385
6385
6386
6386
6390
6391
6392
6394
6394
6395
6398
6399
6400
6400
6403
6403
6405
6406
6406
6406
6406
6406
6406
6407
6410
6411
6412
6413
6413
6413
6414
6414
6415
6415
6416
6416
6416
6416
6417
6418
6419
6419
6421
6421
6421
6422
6423
6426
6428
6429
6429
6431
6432
6432
6434
6434
6435
6435
6435
6435
6435
6436
6437
6439
6440
6440
6440
6443
6444
6444
6445
6445
6446
6448
6448
6448
6448
6449
6449
6450
6450
6450
6451
6451
6452
6452
6452
6453
6453
6453
6453
6454
6457
6457
6457
6459
6460
6460
6462
6462
6462
6462
6462
6463
6463
6464
6464
6467
6468
6469
6470
6470
6472
6473
6475
6479
6480
6481
6482
6483
6483
6484
6485
6485
6486
6486
6487
6487
6488
6492
6493
6493
6495
6496
6499
6499
6499
6501
6503
6505
6507
6508
6508
6508
6509
6510
6511
6511
6511
6513
6513
6514
6515
6515
6517
6518
6518
6518
6519
6520
6520
6520
6521
6522
6523
6524
6525
6526
6526
6527
6528
6528
6528
6529
6530
6531
6532
6533
6535
6535
6536
6537
6540
6540
6541
6542
6542
6542
6543
6543
6545
6545
6546
6547
6547
6548
6550
6550
6550
6550
6552
6555
6555
6555
6556
6556
6556
6557
6557
6557
6559
6559
6560
6564
6565
6565
6565
6565
6566
6566
6566
6566
6568
6570
6571
6573
6574
6575
6575
6576
6576
6578
6578
6579
6579
6579
6580
6582
6583
6586
6587
6589
6593
6597
6597
6597
6599
6601
6604
6604
6605
6605
6605
6606
6606
6607
6608
6610
6613
6615
6617
6618
6622
6622
6622
6625
6625
6629
6629
6630
6631
6631
6632
6633
6633
6634
6636
6637
6638
6639
6639
6639
6640
6640
6641
6642
6642
6643
6644
6645
6646
6646
6646
6648
6649
6650
6653
6653
6654
6654
6655
6655
6656
6657
6657
6657
6657
6658
6659
6660
6661
6661
6661
6662
6664
6665
6666
6666
6666
6668
6669
6670
6672
6672
6675
6676
6677
6677
6680
6680
6681
6682
6682
6682
6683
6684
6685
6685
6685
6686
6688
6689
6690
6690
6690
6697
6698
6698
6699
6702
6702
6702
6705
6705
6706
6706
6708
6708
6710
6711
6711
6711
6714
6715
6715
6716
6716
6718
6719
6719
6719
6720
6720
6720
6721
6721
6722
6723
6723
6723
6726
6726
6727
6728
6729
6730
6732
6732
6732
6733
6734
6734
6734
6734
6735
6735
6736
6739
6741
6743
6743
6743
6743
6744
6744
6745
6745
6745
6748
6748
6749
6749
6752
6752
6752
6752
6754
6755
6756
6756
6757
6760
6761
6761
6764
6764
6766
6767
6767
6768
6769
6770
6771
6771
6772
6772
6773
6778
6778
6778
6778
6780
6780
6780
6781
6781
6782
6782
6784
6784
6785
6788
6788
6788
6788
6790
6791
6792
6792
6795
6796
6797
6797
6799
6799
6800
6801
6804
6806
6806
6807
6809
6809
6810
6815
6815
6816
6816
6817
6817
6817
6818
6818
6818
6820
6820
6822
6823
6823
6823
6824
6826
6827
6830
6830
6831
6832
6834
6834
6835
6839
6839
6841
6842
6843
6844
6844
6845
6845
6846
6846
6846
6849
6849
6850
6850
6852
6853
6854
6855
6856
6856
6856
6857
6857
6858
6859
6860
6861
6862
6862
6863
6864
6864
6864
6865
6866
6866
6866
6866
6867
6867
6867
6867
6870
6871
6872
6873
6873
6874
6875
6878
6878
6880
6882
6882
6883
6884
6884
6885
6886
6886
6889
6889
6891
6893
6893
6894
6894
6895
6897
6897
6897
6899
6901
6902
6903
6904
6906
6907
6908
6910
6910
6911
6911
6912
6914
6914
6915
6917
6918
6918
6921
6921
6922
6923
6923
6924
6925
6925
6926
6926
6926
6926
6927
6927
6927
6929
6930
6931
6933
6934
6934
6936
6936
6939
6939
6941
6942
6942
6944
6945
6947
6947
6949
6949
6949
6950
6951
6953
6953
6954
6954
6954
6955
6955
6957
6957
6960
6961
6962
6962
6963
6964
6964
6967
6969
6971
6972
6973
6975
6976
6979
6980
6981
6981
6982
6985
6987
6988
6988
6988
6989
6989
6989
6989
6990
6991
6992
6993
6994
6995
6995
6996
6997
6998
6998
6998
6999
6999
6999
6999
7000
7001
7004
7004
7004
7004
7005
7005
7006
7006
7007
7008
7009
7010
7010
7010
7012
7012
7013
7013
7013
7015
7016
7018
7019
7021
7023
7023
7024
7025
7025
7025
7025
7026
7026
7030
7031
7031
7032
7032
7033
7033
7035
7036
7036
7036
7036
7040
7041
7041
7043
7043
7043
7044
7045
7047
7047
7047
7050
7051
7052
7053
7054
7054
7055
7056
7056
7059
7059
7059
7059
7059
7060
7060
7061
7061
7061
7061
7062
7064
7064
7064
7066
7069
7071
7071
7074
7074
7074
7074
7079
7079
7080
7080
7081
7082
7083
7086
7087
7087
7087
7088
7091
7091
7093
7094
7094
7095
7096
7097
7100
7102
7103
7104
7104
7104
7105
7105
7105
7106
7106
7109
7110
7110
7111
7111
7112
7114
7114
7114
7114
7116
7117
7117
7118
7120
7120
7120
7121
7122
7128
7128
7129
7131
7132
7133
7133
7133
7133
7135
7138
7139
7139
7141
7141
7142
7143
7144
7145
7146
7146
7147
7148
7148
7149
7149
7149
7152
7152
7153
7154
7154
7155
7155
7155
7155
7156
7156
7159
7160
7161
7161
7162
7164
7164
7165
7166
7166
7167
7168
7171
7172
7173
7173
7173
7174
7175
7176
7179
7180
7180
7181
7182
7182
7182
7183
7183
7183
7185
7186
7187
7190
7191
7191
7192
7192
7192
7193
7195
7196
7198
7198
7201
7201
7202
7203
7203
7204
7206
7206
7210
7210
7211
7211
7212
7212
7213
7213
7214
7216
7217
7217
7218
7218
7219
7219
7220
7220
7222
7225
7226
7226
7230
7232
7232
7233
7233
7235
7236
7237
7238
7238
7238
7239
7240
7240
7241
7242
7242
7243
7243
7243
7244
7245
7245
7246
7248
7250
7250
7251
7252
7254
7254
7260
7260
7261
7261
7261
7262
7263
7263
7264
7265
7265
7265
7266
7266
7266
7267
7268
7269
7270
7271
7271
7272
7274
7274
7276
7276
7277
7279
7281
7281
7282
7283
7283
7284
7286
7287
7288
7289
7289
7289
7290
7290
7291
7291
7291
7291
7291
7292
7293
7294
7294
7295
7296
7296
7297
7297
7297
7298
7298
7300
7301
7301
7304
7304
7305
7307
7308
7308
7312
7312
7312
7312
7313
7316
7316
7316
7317
7318
7318
7318
7319
7319
7319
7320
7321
7323
7325
7326
7327
7329
7329
7330
7330
7330
7331
7331
7332
7332
7333
7333
7334
7334
7335
7335
7335
7335
7336
7339
7339
7339
7339
7339
7341
7344
7344
7346
7346
7347
7348
7348
7349
7353
7354
7354
7354
7355
7357
7357
7357
7358
7358
7360
7360
7360
7360
7360
7361
7361
7362
7362
7363
7366
7367
7368
7369
7370
7370
7370
7371
7373
7373
7374
7376
7376
7376
7377
7377
7377
7377
7377
7379
7380
7383
7384
7384
7385
7385
7387
7388
7389
7389
7391
7392
7394
7394
7396
7396
7398
7398
7399
7399
7401
7401
7402
7402
7403
7403
7406
7409
7409
7410
7410
7412
7413
7414
7415
7415
7419
7420
7420
7420
7420
7421
7421
7425
7425
7425
7427
7428
7428
7430
7433
7435
7436
7437
7440
7442
7443
7443
7444
7444
7445
7447
7448
7448
7449
7449
7450
7452
7452
7453
7453
7454
7455
7455
7458
7459
7459
7460
7460
7460
7460
7461
7461
7463
7467
7467
7467
7469
7471
7471
7471
7472
7474
7475
7475
7476
7477
7477
7478
7478
7479
7480
7480
7480
7481
7482
7482
7482
7484
7484
7484
7484
7487
7487
7488
7489
7489
7490
7490
7493
7494
7494
7496
7498
7498
7499
7500
7500
7501
7504
7506
7506
7506
7508
7509
7510
7511
7512
7513
7514
7514
7515
7516
7518
7519
7523
7524
7525
7525
7525
7526
7526
7526
7527
7527
7529
7530
7530
7531
7534
7534
7538
7540
7541
7543
7546
7547
7547
7548
7548
7549
7549
7550
7553
7554
7555
7556
7557
7557
7557
7557
7560
7561
7562
7563
7564
7564
7564
7565
7565
7566
7566
7566
7567
7568
7568
7570
7573
7575
7577
7578
7579
7579
7580
7580
7581
7582
7582
7586
7586
7586
7588
7589
7590
7590
7590
7591
7591
7591
7592
7592
7592
7593
7594
7595
7598
7599
7601
7603
7604
7604
7606
7606
7606
7610
7611
7612
7612
7613
7614
7614
7614
7616
7616
7616
7617
7617
7618
7618
7619
7619
7620
7620
7621
7621
7622
7622
7624
7624
7624
7624
7624
7624
7626
7628
7628
7631
7632
7634
7635
7635
7635
7636
7636
7638
7639
7641
7642
7642
7642
7643
7643
7644
7644
7645
7645
7645
7645
7646
7647
7647
7647
7648
7648
7650
7650
7650
7652
7652
7653
7653
7654
7655
7657
7657
7658
7659
7660
7662
7664
7664
7665
7665
7666
7666
7667
7667
7668
7669
7672
7673
7674
7675
7675
7676
7678
7680
7682
7683
7684
7686
7687
7687
7687
7688
7691
7692
7693
7693
7694
7694
7698
7699
7699
7702
7703
7703
7703
7704
7707
7707
7708
7708
7709
7709
7711
7713
7713
7713
7714
7715
7716
7720
7724
7725
7726
7729
7729
7731
7731
7731
7731
7731
7732
7734
7734
7736
7737
7738
7739
7741
7741
7744
7744
7745
7745
7746
7746
7746
7747
7747
7749
7751
7751
7754
7754
7754
7756
7757
7758
7759
7760
7761
7761
7761
7761
7762
7763
7763
7764
7765
7765
7766
7768
7768
7771
7772
7776
7781
7783
7783
7783
7784
7784
7785
7786
7787
7787
7788
7790
7792
7793
7794
7795
7796
7796
7797
7798
7801
7801
7802
7802
7802
7803
7805
7806
7806
7810
7811
7812
7813
7813
7814
7815
7816
7816
7816
7817
7818
7818
7819
7821
7822
7822
7823
7823
7823
7828
7828
7829
7830
7830
7830
7831
7831
7832
7832
7832
7832
7833
7833
7834
7837
7837
7838
7838
7838
7838
7838
7838
7839
7842
7842
7844
7845
7845
7845
7845
7846
7847
7849
7849
7850
7851
7851
7852
7853
7853
7854
7856
7857
7857
7859
7859
7861
7863
7864
7865
7865
7868
7868
7868
7871
7873
7873
7874
7875
7876
7876
7877
7878
7878
7879
7879
7879
7879
7880
7884
7887
7888
7888
7889
7890
7890
7891
7892
7892
7893
7894
7896
7896
7896
7897
7897
7897
7897
7898
7898
7898
7900
7901
7904
7904
7905
7905
7905
7906
7906
7909
7912
7912
7913
7915
7915
7916
7919
7920
7920
7922
7923
7924
7924
7928
7929
7933
7934
7934
7934
7935
7935
7935
7937
7940
7942
7942
7945
7945
7946
7947
7947
7948
7949
7951
7952
7953
7953
7954
7955
7955
7956
7956
7958
7959
7959
7960
7960
7961
7961
7961
7962
7963
7963
7963
7963
7963
7966
7967
7967
7968
7969
7969
7971
7972
7975
7976
7976
7978
7979
7980
7980
7980
7980
7980
7981
7981
7981
7981
7982
7982
7982
7983
7983
7983
7983
7983
7983
7986
7986
7986
7986
7986
7987
7987
7990
7990
7990
7993
7994
7995
7995
7995
7996
8000
8002
8003
8003
8003
8004
8005
8006
8008
8009
8010
8011
8012
8012
8013
8013
8015
8015
8016
8017
8018
8019
8020
8020
8021
8023
8023
8023
8023
8023
8024
8025
8027
8029
8029
8029
8030
8031
8033
8039
8041
8042
8042
8043
8044
8044
8046
8047
8047
8047
8049
8051
8051
8053
8054
8054
8055
8055
8055
8056
8057
8060
8060
8062
8062
8063
8063
8064
8065
8065
8065
8065
8066
8067
8067
8068
8069
8070
8072
8073
8074
8075
8075
8076
8077
8077
8077
8077
8077
8078
8078
8078
8078
8079
8079
8079
8079
8080
8080
8081
8081
8081
8084
8085
8086
8086
8086
8089
8090
8091
8091
8094
8095
8095
8096
8097
8097
8097
8098
8100
8101
8101
8101
8101
8103
8104
8106
8107
8107
8107
8108
8108
8109
8109
8110
8110
8111
8112
8114
8114
8118
8118
8119
8120
8120
8121
8121
8121
8121
8124
8124
8125
8125
8126
8127
8129
8129
8130
8131
8131
8131
8131
8131
8132
8133
8133
8138
8138
8138
8140
8141
8144
8144
8145
8145
8145
8146
8147
8148
8150
8151
8152
8152
8153
8154
8155
8156
8158
8158
8159
8160
8161
8161
8161
8164
8164
8165
8166
8166
8167
8168
8168
8168
8169
8169
8169
8170
8173
8174
8174
8175
8178
8180
8182
8184
8184
8184
8185
8187
8188
8188
8189
8191
8192
8192
8192
8193
8196
8197
8197
8198
8199
8201
8203
8204
8204
8206
8208
8212
8212
8216
8218
8218
8218
8218
8219
8220
8220
8222
8222
8222
8222
8223
8223
8223
8223
8224
8225
8228
8228
8228
8229
8231
8236
8238
8238
8239
8239
8240
8240
8241
8243
8245
8246
8247
8247
8249
8249
8249
8252
8254
8255
8257
8258
8258
8259
8260
8261
8261
8264
8264
8265
8265
8266
8267
8268
8269
8270
8270
8271
8271
8272
8276
8277
8277
8278
8279
8279
8280
8281
8282
8282
8283
8284
8284
8284
8285
8285
8286
8288
8288
8289
8289
8289
8290
8290
8291
8291
8293
8294
8294
8295
8296
8296
8297
8297
8298
8298
8298
8298
8300
8300
8300
8301
8302
8304
8304
8305
8305
8305
8307
8307
8308
8309
8310
8310
8311
8311
8312
8315
8316
8316
8318
8319
8319
8320
8321
8321
8322
8322
8327
8328
8333
8336
8336
8336
8337
8337
8338
8338
8338
8339
8342
8342
8342
8345
8347
8347
8348
8352
8353
8354
8355
8355
8356
8356
8356
8356
8357
8357
8358
8358
8358
8359
8360
8362
8362
8363
8364
8365
8366
8368
8371
8371
8372
8375
8375
8377
8377
8378
8379
8380
8380
8381
8383
8384
8385
8385
8385
8388
8389
8390
8392
8395
8396
8397
8397
8400
8401
8401
8402
8402
8403
8403
8403
8404
8407
8407
8407
8408
8409
8411
8413
8413
8417
8417
8417
8418
8419
8420
8421
8421
8422
8422
8424
8425
8426
8428
8430
8430
8430
8431
8433
8436
8437
8438
8438
8439
8439
8440
8442
8442
8443
8443
8445
8446
8446
8447
8448
8449
8450
8450
8451
8451
8452
8454
8454
8457
8457
8458
8460
8460
8460
8460
8462
8463
8465
8465
8465
8465
8466
8467
8467
8468
8468
8469
8470
8472
8472
8473
8473
8475
8477
8477
8480
8484
8486
8486
8487
8490
8491
8492
8493
8495
8497
8497
8497
8498
8499
8500
8501
8502
8507
8507
8507
8508
8508
8511
8513
8514
8514
8516
8516
8516
8519
8521
8521
8524
8524
8525
8525
8527
8528
8528
8529
8531
8532
8532
8532
8533
8536
8537
8537
8538
8539
8539
8542
8542
8543
8543
8544
8545
8548
8549
8549
8549
8550
8550
8550
8552
8552
8552
8553
8554
8555
8555
8555
8556
8562
8563
8565
8565
8567
8567
8568
8569
8572
8572
8574
8575
8575
8576
8577
8577
8580
8580
8580
8581
8581
8581
8583
8584
8584
8584
8584
8585
8586
8587
8588
8590
8594
8595
8596
8596
8597
8597
8597
8598
8598
8599
8599
8600
8601
8601
8602
8603
8603
8603
8604
8604
8605
8605
8605
8606
8607
8609
8609
8610
8610
8610
8612
8614
8615
8616
8616
8620
8621
8621
8621
8621
8622
8623
8623
8624
8625
8627
8627
8627
8630
8631
8634
8636
8638
8638
8639
8640
8640
8641
8641
8642
8644
8644
8644
8645
8646
8647
8648
8648
8649
8650
8651
8651
8652
8653
8653
8655
8656
8656
8656
8657
8658
8658
8659
8660
8660
8661
8661
8662
8662
8663
8663
8666
8667
8667
8669
8670
8671
8671
8676
8676
8677
8678
8678
8679
8680
8681
8682
8682
8683
8684
8687
8689
8690
8691
8691
8693
8694
8694
8697
8698
8698
8698
8699
8702
8703
8706
8707
8707
8709
8710
8711
8711
8711
8711
8713
8714
8715
8715
8715
8715
8717
8717
8718
8718
8718
8719
8719
8719
8719
8720
8721
8721
8721
8723
8726
8728
8730
8732
8734
8735
8735
8737
8738
8738
8738
8738
8738
8740
8740
8741
8741
8742
8742
8744
8746
8746
8747
8747
8748
8750
8750
8751
8751
8752
8753
8754
8755
8756
8757
8758
8759
8759
8759
8761
8761
8762
8763
8763
8764
8764
8764
8764
8766
8769
8769
8771
8772
8773
8774
8775
8775
8776
8777
8777
8778
8778
8781
8785
8790
8790
8790
8791
8793
8794
8794
8794
8795
8795
8795
8796
8797
8797
8797
8801
8802
8802
8802
8802
8804
8804
8805
8806
8806
8807
8808
8808
8809
8809
8811
8811
8812
8814
8814
8814
8815
8815
8816
8817
8818
8820
8821
8823
8823
8827
8827
8828
8828
8829
8829
8829
8830
8830
8831
8835
8836
8837
8837
8838
8839
8840
8842
8843
8844
8844
8849
8849
8850
8851
8855
8855
8856
8858
8858
8858
8859
8859
8859
8861
8865
8866
8866
8866
8867
8869
8869
8870
8871
8873
8874
8874
8874
8877
8877
8877
8880
8881
8882
8884
8885
8887
8887
8887
8888
8888
8888
8889
8890
8892
8892
8893
8893
8894
8894
8895
8895
8896
8896
8897
8897
8899
8899
8900
8903
8903
8903
8904
8904
8904
8904
8904
8905
8905
8905
8906
8907
8907
8907
8907
8907
8907
8908
8909
8910
8911
8914
8915
8915
8915
8916
8916
8917
8918
8919
8919
8920
8920
8923
8923
8924
8925
8925
8926
8926
8927
8927
8928
8928
8931
8933
8933
8934
8935
8935
8937
8938
8939
8939
8940
8941
8942
8944
8944
8944
8945
8945
8946
8948
8948
8948
8949
8950
8951
8951
8952
8955
8956
8956
8956
8958
8960
8961
8965
8967
8967
8967
8967
8967
8969
8971
8972
8974
8974
8978
8979
8981
8982
8984
8984
8985
8985
8986
8987
8987
8987
8990
8991
8991
8991
8992
8992
8992
8993
8993
8996
8997
8998
8999
9000
9001
9001
9003
9003
9003
9005
9006
9006
9007
9007
9009
9010
9011
9011
9013
9013
9016
9016
9019
9021
9022
9022
9024
9024
9028
9028
9029
9029
9030
9031
9031
9031
9032
9032
9032
9032
9032
9033
9033
9034
9035
9036
9037
9037
9037
9038
9039
9039
9040
9041
9042
9043
9045
9045
9046
9047
9048
9048
9050
9050
9052
9053
9053
9053
9054
9054
9054
9057
9058
9059
9060
9061
9061
9062
9063
9065
9065
9066
9072
9074
9075
9079
9079
9079
9079
9079
9079
9081
9082
9084
9085
9085
9085
9087
9087
9089
9089
9091
9091
9091
9092
9093
9093
9093
9093
9095
9097
9097
9098
9103
9103
9103
9104
9106
9106
9106
9107
9108
9111
9112
9112
9114
9119
9119
9120
9121
9121
9122
9123
9125
9126
9128
9128
9130
9130
9131
9131
9132
9132
9134
9135
9136
9137
9137
9138
9138
9141
9141
9141
9141
9142
9143
9144
9144
9146
9146
9147
9147
9148
9148
9150
9150
9151
9153
9154
9155
9158
9160
9161
9161
9163
9163
9165
9165
9166
9167
9168
9168
9169
9169
9170
9172
9172
9173
9173
9174
9176
9177
9178
9179
9182
9183
9184
9185
9185
9186
9186
9189
9189
9190
9192
9192
9193
9195
9195
9196
9199
9201
9203
9204
9204
9205
9206
9208
9209
9209
9210
9210
9210
9211
9212
9212
9213
9213
9213
9213
9213
9213
9216
9217
9218
9218
9218
9218
9219
9220
9222
9222
9223
9223
9224
9226
9229
9230
9230
9231
9231
9231
9233
9235
9237
9238
9238
9239
9239
9240
9241
9242
9244
9244
9245
9248
9248
9248
9251
9252
9253
9253
9254
9255
9256
9256
9259
9260
9261
9264
9265
9265
9266
9267
9268
9268
9268
9269
9271
9271
9271
9271
9272
9273
9273
9274
9275
9276
9277
9280
9281
9282
9282
9282
9284
9287
9287
9287
9291
9294
9294
9294
9294
9296
9296
9296
9297
9297
9298
9299
9299
9299
9299
9300
9300
9300
9302
9302
9303
9303
9303
9304
9306
9307
9308
9308
9309
9309
9309
9311
9311
9313
9313
9313
9314
9315
9316
9318
9323
9323
9325
9326
9328
9329
9329
9330
9330
9332
9332
9333
9334
9337
9337
9337
9340
9341
9342
9342
9343
9344
9345
9346
9347
9348
9349
9350
9351
9351
9351
9352
9352
9353
9354
9354
9357
9357
9358
9358
9358
9361
9361
9361
9362
9363
9364
9365
9365
9368
9368
9369
9369
9369
9370
9371
9372
9372
9375
9375
9375
9375
9375
9378
9378
9378
9379
9379
9382
9382
9382
9384
9385
9385
9386
9386
9387
9388
9388
9389
9389
9390
9391
9391
9391
9392
9394
9395
9396
9396
9396
9397
9398
9400
9402
9402
9403
9403
9403
9403
9404
9404
9404
9404
9405
9406
9407
9408
9413
9414
9417
9418
9418
9419
9419
9419
9419
9420
9420
9421
9422
9422
9424
9425
9425
9426
9426
9427
9428
9429
9430
9430
9432
9432
9432
9432
9433
9433
9433
9434
9438
9438
9438
9438
9439
9443
9443
9444
9444
9446
9446
9447
9447
9448
9450
9450
9450
9452
9452
9454
9454
9454
9454
9456
9456
9457
9457
9457
9457
9459
9459
9460
9464
9464
9464
9464
9464
9465
9465
9467
9467
9467
9469
9471
9471
9472
9472
9472
9473
9474
9474
9475
9475
9475
9475
9475
9476
9477
9480
9483
9483
9483
9484
9485
9485
9487
9488
9489
9489
9492
9494
9495
9496
9497
9498
9498
9498
9499
9500
9501
9503
9505
9506
9508
9509
9509
9510
9510
9511
9511
9512
9514
9514
9515
9515
9515
9516
9517
9518
9519
9520
9521
9523
9524
9528
9528
9528
9530
9530
9532
9532
9533
9534
9534
9534
9535
9537
9540
9541
9542
9545
9546
9546
9547
9548
9549
9549
9552
9552
9553
9553
9555
9556
9558
9559
9559
9559
9562
9562
9565
9567
9570
9570
9572
9574
9575
9577
9577
9577
9577
9578
9579
9579
9585
9586
9586
9586
9587
9589
9590
9592
9595
9597
9598
9598
9599
9601
9603
9604
9610
9610
9610
9611
9611
9612
9614
9614
9615
9615
9615
9616
9617
9618
9619
9620
9622
9623
9623
9625
9627
9627
9628
9629
9630
9631
9632
9632
9632
9632
9633
9634
9634
9635
9636
9637
9637
9638
9639
9639
9640
9641
9642
9643
9644
9644
9647
9648
9649
9649
9650
9650
9652
9652
9653
9653
9655
9656
9657
9658
9658
9660
9660
9661
9662
9662
9662
9663
9664
9664
9664
9664
9664
9664
9665
9665
9665
9665
9666
9667
9667
9668
9668
9669
9670
9670
9671
9672
9673
9673
9674
9674
9674
9674
9675
9676
9676
9676
9677
9678
9678
9680
9680
9681
9682
9684
9685
9687
9687
9688
9689
9689
9689
9689
9693
9693
9693
9694
9695
9695
9696
9697
9698
9698
9699
9700
9701
9701
9702
9702
9702
9702
9703
9703
9704
9704
9704
9705
9705
9705
9706
9706
9707
9708
9708
9709
9709
9709
9709
9710
9710
9712
9712
9713
9713
9715
9716
9717
9718
9719
9719
9720
9720
9721
9721
9722
9722
9724
9727
9728
9728
9728
9729
9729
9731
9731
9731
9736
9736
9737
9738
9738
9739
9742
9742
9743
9743
9745
9745
9746
9746
9746
9746
9747
9748
9749
9749
9749
9749
9749
9755
9755
9756
9756
9757
9760
9761
9762
9763
9763
9763
9763
9768
9769
9771
9774
9775
9775
9777
9778
9779
9779
9779
9779
9780
9782
9782
9783
9783
9784
9785
9786
9786
9786
9787
9788
9789
9789
9791
9791
9792
9794
9795
9795
9797
9801
9801
9801
9802
9804
9805
9807
9808
9808
9808
9809
9809
9809
9810
9810
9810
9813
9813
9814
9814
9816
9816
9816
9817
9819
9820
9822
9823
9823
9826
9827
9827
9827
9828
9830
9834
9835
9835
9835
9836
9838
9838
9838
9839
9839
9840
9841
9843
9844
9844
9845
9846
9847
9848
9849
9849
9849
9851
9852
9853
9853
9854
9855
9859
9860
9862
9862
9865
9867
9868
9868
9869
9870
9871
9871
9871
9872
9873
9873
9874
9877
9877
9878
9878
9879
9879
9879
9881
9881
9881
9882
9882
9884
9884
9885
9886
9886
9887
9888
9889
9889
9890
9891
9892
9892
9892
9893
9894
9894
9895
9896
9896
9900
9901
9901
9902
9904
9904
9905
9906
9909
9910
9910
9910
9910
9911
9912
9912
9913
9913
9914
9916
9920
9921
9922
9922
9924
9924
9925
9925
9927
9928
9929
9931
9931
9932
9934
9934
9937
9937
9938
9939
9940
9940
9940
9941
9944
9944
9944
9946
9947
9947
9949
9949
9949
9950
9952
9953
9953
9953
9954
9955
9957
9958
9958
9959
9959
9959
9960
9961
9964
9964
9965
9966
9968
9968
9974
9977
9978
9978
9980
9980
9981
9983
9983
9983
9986
9987
9988
9988
9988
9990
9990
9991
9991
9992
9992
9993
9993
9993
9996
9996
9996
9996
9997
9998
9999
